1642982400000,0.00002246,0.00002247,0.00002238,0.00002240,5900947115.00,1642982459999,132362.88907211,268,2521790959.00,56590.65203355,0
1642982460000,0.00002239,0.00002243,0.00002225,0.00002228,15323375313.00,1642982519999,342351.44190533,494,5613643287.00,125496.58157242,0
1642982520000,0.00002228,0.00002231,0.00002223,0.00002225,11043433029.00,1642982579999,245945.54660693,323,3489656351.00,77759.80938641,0
1642982580000,0.00002226,0.00002232,0.00002225,0.00002229,6558560189.00,1642982639999,146161.47578354,217,3798682242.00,84681.11819037,0
1642982640000,0.00002228,0.00002232,0.00002225,0.00002228,4501307415.00,1642982699999,100317.93476439,201,1869626524.00,41669.57503853,0
1642982700000,0.00002229,0.00002229,0.00002219,0.00002221,6177623902.00,1642982759999,137393.27263447,275,2085986550.00,46391.16570401,0
1642982760000,0.00002221,0.00002221,0.00002214,0.00002219,6084968952.00,1642982819999,134972.42387774,277,1885990777.00,41832.46970847,0
1642982820000,0.00002218,0.00002218,0.00002212,0.00002216,6437991743.00,1642982879999,142522.16194770,243,1767228620.00,39130.30818545,0
1642982880000,0.00002216,0.00002220,0.00002215,0.00002216,5469025772.00,1642982939999,121303.90442381,225,2970960626.00,65911.47880710,0
1642982940000,0.00002216,0.00002225,0.00002215,0.00002222,11631174030.00,1642982999999,258151.70941095,309,7407203224.00,164456.04242593,0
1642983000000,0.00002221,0.00002224,0.00002218,0.00002223,5109996908.00,1642983059999,113448.66316408,161,1528183767.00,33934.79568954,0
1642983060000,0.00002223,0.00002223,0.00002213,0.00002215,5713772408.00,1642983119999,126669.06002291,214,2718006634.00,60221.97201743,0
1642983120000,0.00002215,0.00002216,0.00002200,0.00002204,23302150760.00,1642983179999,514272.18806299,864,6023140036.00,132985.07515333,0
1642983180000,0.00002204,0.00002212,0.00002203,0.00002211,12242567406.00,1642983239999,270358.31050780,368,8599790738.00,189955.43940284,0
1642983240000,0.00002210,0.00002215,0.00002210,0.00002213,5720926171.00,1642983299999,126588.85633895,189,2765051816.00,61181.71766443,0
1642983300000,0.00002213,0.00002218,0.00002213,0.00002218,8565823722.00,1642983359999,189820.47214729,248,5669720031.00,125662.40304946,0
1642983360000,0.00002218,0.00002235,0.00002217,0.00002231,49197917518.00,1642983419999,1095334.69567938,974,38891651054.00,866077.47527442,0
1642983420000,0.00002230,0.00002323,0.00002226,0.00002303,168008873298.00,1642983479999,3814743.95623712,6628,120999327748.00,2746344.87906149,0
1642983480000,0.00002305,0.00002329,0.00002276,0.00002288,141739518949.00,1642983539999,3251078.47778252,3944,97128414229.00,2227513.56128453,0
1642983540000,0.00002288,0.00002288,0.00002276,0.00002284,14512490657.00,1642983599999,331133.92948949,511,6860597696.00,156545.15121471,0
1642983600000,0.00002283,0.00002284,0.00002265,0.00002266,19447186569.00,1642983659999,441875.46100350,709,7689283506.00,174728.32296071,0
1642983660000,0.00002265,0.00002269,0.00002254,0.00002256,20796917720.00,1642983719999,470374.74079964,785,7070940814.00,159987.03967236,0
1642983720000,0.00002257,0.00002260,0.00002242,0.00002244,20729790890.00,1642983779999,466177.60525356,699,7597186083.00,171072.91188663,0
1642983780000,0.00002244,0.00002255,0.00002240,0.00002246,21430607298.00,1642983839999,481369.31216052,877,11224070359.00,252227.87290765,0
1642983840000,0.00002247,0.00002247,0.00002240,0.00002245,9357814152.00,1642983899999,209882.70299862,323,4477221028.00,100448.80598330,0
1642983900000,0.00002246,0.00002246,0.00002233,0.00002237,14203338812.00,1642983959999,317813.97276231,470,7592215927.00,169919.56918760,0
1642983960000,0.00002238,0.00002242,0.00002228,0.00002233,14560235872.00,1642984019999,325096.28764963,537,7384149494.00,164833.94892101,0
1642984020000,0.00002233,0.00002242,0.00002231,0.00002235,8295952488.00,1642984079999,185728.40347565,373,3825066479.00,85619.90870969,0
1642984080000,0.00002235,0.00002240,0.00002221,0.00002225,14057994068.00,1642984139999,313510.47793151,588,4986445376.00,111159.38458046,0
1642984140000,0.00002226,0.00002250,0.00002221,0.00002241,45819338426.00,1642984199999,1024247.34706395,1571,30243034541.00,676054.59368861,0
1642984200000,0.00002241,0.00002241,0.00002225,0.00002226,10003324612.00,1642984259999,223191.22031898,493,4002916889.00,89270.71259506,0
1642984260000,0.00002225,0.00002230,0.00002217,0.00002221,22452970450.00,1642984319999,499074.56178056,631,7115604610.00,158188.13417162,0
1642984320000,0.00002221,0.00002231,0.00002221,0.00002224,9529148451.00,1642984379999,212087.85793929,286,4936468999.00,109846.90257387,0
1642984380000,0.00002224,0.00002243,0.00002223,0.00002237,20217341827.00,1642984439999,451539.11615847,494,11422057100.00,255016.03437962,0
1642984440000,0.00002238,0.00002242,0.00002232,0.00002233,9998037222.00,1642984499999,223541.77372454,307,4672175959.00,104473.71092351,0
1642984500000,0.00002233,0.00002233,0.00002222,0.00002224,5634565096.00,1642984559999,125406.53544770,190,3007043761.00,66900.16150898,0
1642984560000,0.00002225,0.00002230,0.00002218,0.00002221,7211336132.00,1642984619999,160387.06166786,216,4342801103.00,96632.15437308,0
1642984620000,0.00002220,0.00002225,0.00002215,0.00002225,6848851832.00,1642984679999,152015.01764444,283,3777580686.00,83895.69199989,0
1642984680000,0.00002224,0.00002233,0.00002222,0.00002222,6692087605.00,1642984739999,149037.13145247,242,3022028402.00,67305.63089510,0
1642984740000,0.00002222,0.00002231,0.00002222,0.00002223,7739353459.00,1642984799999,172297.49840370,213,4071259959.00,90625.57865132,0
1642984800000,0.00002223,0.00002229,0.00002220,0.00002224,7439647518.00,1642984859999,165501.26593730,238,4999647576.00,111262.31011058,0
1642984860000,0.00002224,0.00002225,0.00002220,0.00002224,4134007984.00,1642984919999,91875.00748639,156,1656659218.00,36827.46011661,0
1642984920000,0.00002223,0.00002230,0.00002223,0.00002227,8600117167.00,1642984979999,191381.05098404,214,3817089987.00,84946.29880077,0
1642984980000,0.00002225,0.00002225,0.00002217,0.00002221,5520704488.00,1642985039999,122590.33877361,216,2179996929.00,48393.31674516,0
1642985040000,0.00002221,0.00002223,0.00002212,0.00002212,4438404421.00,1642985099999,98430.49451867,238,2194182487.00,48670.80987648,0
1642985100000,0.00002213,0.00002224,0.00002213,0.00002223,10216235677.00,1642985159999,226571.19753403,254,5023502672.00,111432.16029762,0
1642985160000,0.00002223,0.00002226,0.00002223,0.00002225,2328260053.00,1642985219999,51797.41122935,102,1033334904.00,22994.14524610,0
1642985220000,0.00002225,0.00002236,0.00002225,0.00002233,6043855425.00,1642985279999,134896.23464894,271,4346986474.00,97015.07867501,0
1642985280000,0.00002232,0.00002232,0.00002224,0.00002228,7770840558.00,1642985339999,173081.10924445,206,3542679416.00,78876.93688575,0
1642985340000,0.00002228,0.00002229,0.00002219,0.00002222,5863655956.00,1642985399999,130317.99565976,194,2894510591.00,64337.53241952,0
1642985400000,0.00002223,0.00002226,0.00002220,0.00002221,4716016165.00,1642985459999,104838.56744937,172,2064908960.00,45924.91459366,0
1642985460000,0.00002222,0.00002228,0.00002221,0.00002227,3401086731.00,1642985519999,75683.32720221,134,2698302303.00,60047.32533586,0
1642985520000,0.00002227,0.00002227,0.00002223,0.00002226,2932440123.00,1642985579999,65253.41508129,131,1038694550.00,23119.40636517,0
1642985580000,0.00002227,0.00002230,0.00002226,0.00002227,3837976041.00,1642985639999,85517.70617814,150,2362834762.00,52656.41649129,0
1642985640000,0.00002228,0.00002229,0.00002224,0.00002229,3673482213.00,1642985699999,81795.95210384,133,2260006640.00,50330.11340234,0
1642985700000,0.00002229,0.00002233,0.00002226,0.00002226,5113229469.00,1642985759999,114032.94701364,176,2189063363.00,48829.25435136,0
1642985760000,0.00002227,0.00002230,0.00002226,0.00002227,3651546882.00,1642985819999,81362.09663080,130,2169808874.00,48350.85977339,0
1642985820000,0.00002228,0.00002230,0.00002228,0.00002229,1680114604.00,1642985879999,37447.53907756,80,943647791.00,21034.90195255,0
1642985880000,0.00002228,0.00002228,0.00002219,0.00002226,6469511424.00,1642985939999,143853.36039374,219,2234314115.00,49682.30006530,0
1642985940000,0.00002226,0.00002226,0.00002218,0.00002222,4648263598.00,1642985999999,103218.09291506,151,569182121.00,12637.54280381,0
1642986000000,0.00002222,0.00002225,0.00002216,0.00002220,8905889870.00,1642986059999,197709.58538939,221,2782759217.00,61779.88681629,0
1642986060000,0.00002221,0.00002224,0.00002220,0.00002221,2000371291.00,1642986119999,44451.97468869,104,1540187111.00,34226.23879349,0
1642986120000,0.00002222,0.00002232,0.00002222,0.00002232,5151391315.00,1642986179999,114700.19930586,197,4148705505.00,92375.63033449,0
1642986180000,0.00002231,0.00002234,0.00002229,0.00002232,3724807603.00,1642986239999,83106.20443206,162,1712722502.00,38220.84237234,0
1642986240000,0.00002232,0.00002236,0.00002232,0.00002234,1965982260.00,1642986299999,43900.26787778,102,975881086.00,21794.90278071,0
1642986300000,0.00002234,0.00002244,0.00002233,0.00002236,5582720723.00,1642986359999,125039.23314345,256,2126580709.00,47646.96990702,0
1642986360000,0.00002235,0.00002238,0.00002234,0.00002234,2022604254.00,1642986419999,45245.46070504,97,1387235566.00,31035.70094203,0
1642986420000,0.00002235,0.00002239,0.00002234,0.00002239,1237115629.00,1642986479999,27678.32435182,88,1060763686.00,23736.42819052,0
1642986480000,0.00002239,0.00002239,0.00002233,0.00002236,2445474808.00,1642986539999,54664.03099452,119,1237405638.00,27666.40603482,0
1642986540000,0.00002236,0.00002236,0.00002232,0.00002233,814708862.00,1642986599999,18198.12985261,72,344849968.00,7703.92200137,0
1642986600000,0.00002234,0.00002236,0.00002227,0.00002228,4036564982.00,1642986659999,90004.22786523,176,2274520869.00,50699.53869608,0
1642986660000,0.00002228,0.00002232,0.00002224,0.00002231,2417070328.00,1642986719999,53859.43881192,132,1779757027.00,39656.56469091,0
1642986720000,0.00002232,0.00002233,0.00002227,0.00002228,6261433483.00,1642986779999,139642.60110462,181,3867141234.00,86250.00348191,0
1642986780000,0.00002227,0.00002228,0.00002221,0.00002226,11992373465.00,1642986839999,266780.31357293,269,5408853537.00,120389.49436636,0
1642986840000,0.00002226,0.00002230,0.00002226,0.00002228,1827475835.00,1642986899999,40712.79799391,67,520660606.00,11600.75083801,0
1642986900000,0.00002229,0.00002234,0.00002227,0.00002232,2016064072.00,1642986959999,44978.64976282,123,910513487.00,20320.38855770,0
1642986960000,0.00002232,0.00002234,0.00002229,0.00002231,876476415.00,1642987019999,19549.86533702,73,283459800.00,6323.10400426,0
1642987020000,0.00002230,0.00002234,0.00002229,0.00002232,3769340844.00,1642987079999,84114.57060890,126,3132148156.00,69896.38713978,0
1642987080000,0.00002232,0.00002241,0.00002232,0.00002240,5565965093.00,1642987139999,124456.23769611,184,3077059344.00,68825.71291532,0
1642987140000,0.00002241,0.00002243,0.00002236,0.00002240,7053929003.00,1642987199999,158013.68422611,249,3418086546.00,76574.10824797,0
1642987200000,0.00002240,0.00002240,0.00002233,0.00002234,3868289650.00,1642987259999,86461.68920782,166,1629990537.00,36420.73503979,0
1642987260000,0.00002234,0.00002236,0.00002233,0.00002236,2441807801.00,1642987319999,54568.87410430,84,1497236870.00,33459.70477480,0
1642987320000,0.00002235,0.00002236,0.00002229,0.00002230,4865969555.00,1642987379999,108600.60770105,157,1850812347.00,41286.24878434,0
1642987380000,0.00002231,0.00002231,0.00002224,0.00002225,4121665320.00,1642987439999,91764.81012307,125,2059622130.00,45847.96715618,0
1642987440000,0.00002226,0.00002227,0.00002223,0.00002226,4246897449.00,1642987499999,94486.56785188,127,2932142629.00,65247.29827742,0
1642987500000,0.00002226,0.00002232,0.00002225,0.00002227,4020854902.00,1642987559999,89590.21478505,167,1409862509.00,31420.63067243,0
1642987560000,0.00002227,0.00002227,0.00002215,0.00002216,9206182517.00,1642987619999,204316.48030219,264,3789247548.00,84083.58430183,0
1642987620000,0.00002216,0.00002217,0.00002213,0.00002215,5915185439.00,1642987679999,130993.67427597,225,3824437043.00,84698.69232304,0
1642987680000,0.00002216,0.00002217,0.00002207,0.00002211,7619118443.00,1642987739999,168521.34479734,350,3784436570.00,83720.50680741,0
1642987740000,0.00002211,0.00002214,0.00002208,0.00002213,3901442475.00,1642987799999,86275.62754250,153,1765290763.00,39043.49800415,0
1642987800000,0.00002213,0.00002213,0.00002187,0.00002192,29785966656.00,1642987859999,655023.45911008,1239,11290922000.00,248470.41877711,0
1642987860000,0.00002193,0.00002202,0.00002193,0.00002197,14396480289.00,1642987919999,316380.92491242,474,8791751351.00,193234.42882528,0
1642987920000,0.00002195,0.00002202,0.00002194,0.00002201,9192788063.00,1642987979999,202218.80672194,243,5919803109.00,130228.61514333,0
1642987980000,0.00002202,0.00002202,0.00002193,0.00002196,5709297872.00,1642988039999,125468.13013878,166,2258362456.00,49623.97785518,0
1642988040000,0.00002195,0.00002201,0.00002194,0.00002200,4529188854.00,1642988099999,99587.79721304,171,3673844204.00,80787.75017866,0
1642988100000,0.00002201,0.00002205,0.00002199,0.00002199,3504093393.00,1642988159999,77179.43667126,235,1342021049.00,29557.38766988,0
1642988160000,0.00002200,0.00002204,0.00002200,0.00002204,2009900691.00,1642988219999,44253.35212480,135,1376981922.00,30325.36694247,0
1642988220000,0.00002203,0.00002204,0.00002194,0.00002201,8687599296.00,1642988279999,190960.34871871,282,3785738250.00,83193.57277242,0
1642988280000,0.00002201,0.00002206,0.00002198,0.00002203,6419954810.00,1642988339999,141378.19590185,226,4637987939.00,102167.78220929,0
1642988340000,0.00002203,0.00002204,0.00002200,0.00002202,3242663102.00,1642988399999,71405.74337179,146,931197649.00,20501.55250831,0
1642988400000,0.00002202,0.00002202,0.00002193,0.00002193,3488166394.00,1642988459999,76656.60564367,164,1114762920.00,24505.24359486,0
1642988460000,0.00002192,0.00002199,0.00002191,0.00002197,6957913063.00,1642988519999,152822.05122088,202,4427284995.00,97241.44654997,0
1642988520000,0.00002197,0.00002199,0.00002194,0.00002195,4427347386.00,1642988579999,97259.74128673,148,1825471869.00,40114.83781708,0
1642988580000,0.00002195,0.00002199,0.00002191,0.00002192,3016251032.00,1642988639999,66222.56897522,138,915785274.00,20111.14167657,0
1642988640000,0.00002192,0.00002200,0.00002192,0.00002197,3770902443.00,1642988699999,82848.00689066,164,2567319895.00,56406.17110381,0
1642988700000,0.00002197,0.00002204,0.00002195,0.00002197,6956964163.00,1642988759999,153018.44953866,218,3272263583.00,71993.93706654,0
1642988760000,0.00002197,0.00002205,0.00002197,0.00002204,7578378222.00,1642988819999,166906.06401524,212,5846550760.00,128786.04556997,0
1642988820000,0.00002204,0.00002206,0.00002199,0.00002204,5278188057.00,1642988879999,116231.76010893,207,2272679685.00,50069.41263458,0
1642988880000,0.00002203,0.00002205,0.00002199,0.00002202,3336853625.00,1642988939999,73484.55141875,144,1373689591.00,30260.35361514,0
1642988940000,0.00002202,0.00002205,0.00002201,0.00002202,3799146034.00,1642988999999,83677.32905124,153,2453551591.00,54041.10003206,0
1642989000000,0.00002202,0.00002202,0.00002194,0.00002199,9581863252.00,1642989059999,210514.23574623,251,3590199337.00,78901.08977364,0
1642989060000,0.00002199,0.00002204,0.00002194,0.00002201,10427221106.00,1642989119999,229366.94731535,310,5363049507.00,117983.66149904,0
1642989120000,0.00002202,0.00002202,0.00002195,0.00002197,4505585955.00,1642989179999,99036.96828262,142,2000437312.00,43975.67870582,0
1642989180000,0.00002196,0.00002199,0.00002188,0.00002190,8246302162.00,1642989239999,180870.59293433,247,3381342314.00,74162.51630179,0
1642989240000,0.00002191,0.00002197,0.00002188,0.00002191,9824293987.00,1642989299999,215445.30649560,278,4541109897.00,99572.09377248,0
1642989300000,0.00002191,0.00002198,0.00002190,0.00002190,8651672487.00,1642989359999,189710.04247034,212,5112006653.00,112079.76676234,0
1642989360000,0.00002190,0.00002195,0.00002189,0.00002190,5101609818.00,1642989419999,111833.50707096,162,1623093661.00,35577.71089554,0
1642989420000,0.00002191,0.00002196,0.00002191,0.00002196,4163388500.00,1642989479999,91318.07727226,148,3399312231.00,74557.24843837,0
1642989480000,0.00002195,0.00002200,0.00002194,0.00002199,2446427829.00,1642989539999,53718.77828226,116,1533449262.00,33673.81361335,0
1642989540000,0.00002200,0.00002209,0.00002199,0.00002203,8295288193.00,1642989599999,182875.17115076,370,5531100408.00,121929.44920826,0
1642989600000,0.00002203,0.00002209,0.00002203,0.00002207,2664304157.00,1642989659999,58788.83957197,145,1665721265.00,36750.79906921,0
1642989660000,0.00002208,0.00002223,0.00002207,0.00002222,7811990829.00,1642989719999,173072.62778489,428,4557134502.00,100939.97929982,0
1642989720000,0.00002221,0.00002223,0.00002212,0.00002212,6856821717.00,1642989779999,152050.78353397,239,2511286002.00,55678.15153777,0
1642989780000,0.00002214,0.00002218,0.00002210,0.00002215,4054505909.00,1642989839999,89753.53706021,182,2963697760.00,65624.15040832,0
1642989840000,0.00002215,0.00002217,0.00002209,0.00002210,16441264831.00,1642989899999,363741.65143819,335,4725646538.00,104555.93604433,0
1642989900000,0.00002210,0.00002213,0.00002206,0.00002211,5379960165.00,1642989959999,118836.71141470,175,2881760963.00,63663.84434051,0
1642989960000,0.00002212,0.00002217,0.00002212,0.00002213,2341809659.00,1642990019999,51843.91445403,117,997033501.00,22072.46128873,0
1642990020000,0.00002214,0.00002214,0.00002210,0.00002212,4303666041.00,1642990079999,95181.47480770,114,2883126732.00,63768.48674140,0
1642990080000,0.00002212,0.00002217,0.00002212,0.00002217,2929910664.00,1642990139999,64887.05405554,200,2101469124.00,46545.30269046,0
1642990140000,0.00002217,0.00002218,0.00002215,0.00002217,1646863163.00,1642990199999,36505.76597746,143,1103439909.00,24461.94628042,0
1642990200000,0.00002218,0.00002237,0.00002216,0.00002233,11963799567.00,1642990259999,266725.41103509,726,7971277041.00,177675.22672930,0
1642990260000,0.00002234,0.00002259,0.00002231,0.00002253,37455262632.00,1642990319999,840701.98490336,1420,19501890528.00,438351.42192149,0
1642990320000,0.00002253,0.00002254,0.00002237,0.00002238,17058833009.00,1642990379999,382911.91044722,537,6519319699.00,146392.77410049,0
1642990380000,0.00002238,0.00002238,0.00002230,0.00002237,11279647010.00,1642990439999,252021.73652659,328,5798496828.00,129566.82324574,0
1642990440000,0.00002236,0.00002236,0.00002230,0.00002232,3132645604.00,1642990499999,69953.05599071,145,1481851791.00,33093.04617765,0
1642990500000,0.00002232,0.00002238,0.00002232,0.00002237,4633932111.00,1642990559999,103592.47833110,168,3572707242.00,79868.72410371,0
1642990560000,0.00002238,0.00002245,0.00002237,0.00002244,4108110598.00,1642990619999,92069.97394791,197,2399662490.00,53792.74364407,0
1642990620000,0.00002243,0.00002244,0.00002233,0.00002235,4601490527.00,1642990679999,102967.54251755,191,1626417938.00,36424.36184076,0
1642990680000,0.00002235,0.00002236,0.00002215,0.00002221,25742265060.00,1642990739999,572519.49723257,846,10797304826.00,239974.56160305,0
1642990740000,0.00002223,0.00002226,0.00002210,0.00002215,12261969787.00,1642990799999,271735.73009973,372,3647870335.00,80852.51443367,0
1642990800000,0.00002215,0.00002227,0.00002213,0.00002215,17186931665.00,1642990859999,381729.72731716,527,9634097801.00,214054.67767690,0
1642990860000,0.00002215,0.00002222,0.00002214,0.00002220,4219672004.00,1642990919999,93614.05037216,128,2317935152.00,51404.94295842,0
1642990920000,0.00002220,0.00002226,0.00002217,0.00002221,4550456996.00,1642990979999,101091.75168012,168,3210007810.00,71310.07974428,0
1642990980000,0.00002221,0.00002225,0.00002220,0.00002223,2298008441.00,1642991039999,51081.19760520,140,1595591092.00,35464.31845609,0
1642991040000,0.00002223,0.00002225,0.00002219,0.00002223,1681045021.00,1642991099999,37351.00862748,96,901687610.00,20038.12382129,0
1642991100000,0.00002224,0.00002234,0.00002224,0.00002228,6400206056.00,1642991159999,142692.57449879,218,2392261760.00,53339.29541852,0
1642991160000,0.00002227,0.00002234,0.00002227,0.00002233,3161358703.00,1642991219999,70540.30382580,143,2109323180.00,47068.23241269,0
1642991220000,0.00002234,0.00002241,0.00002234,0.00002239,7602256115.00,1642991279999,170131.33409140,328,5622569587.00,125843.48207809,0
1642991280000,0.00002240,0.00002242,0.00002235,0.00002238,4704613348.00,1642991339999,105284.33446065,197,2622284822.00,58675.74116591,0
1642991340000,0.00002237,0.00002241,0.00002234,0.00002236,3536032792.00,1642991399999,79129.22587013,164,1637667120.00,36656.03407579,0
1642991400000,0.00002236,0.00002236,0.00002230,0.00002232,2771292165.00,1642991459999,61853.07264229,155,1151663953.00,25707.32040529,0
1642991460000,0.00002233,0.00002235,0.00002232,0.00002235,2326165531.00,1642991519999,51951.41117331,105,1001685341.00,22381.84849907,0
1642991520000,0.00002236,0.00002237,0.00002228,0.00002229,4151617870.00,1642991579999,92729.78081609,160,1081371314.00,24150.93941415,0
1642991580000,0.00002229,0.00002234,0.00002228,0.00002233,2784340872.00,1642991639999,62096.79234710,131,1591685236.00,35500.66708917,0
1642991640000,0.00002233,0.00002235,0.00002230,0.00002232,3789143491.00,1642991699999,84580.60868162,168,1650858225.00,36851.74405828,0
1642991700000,0.00002233,0.00002233,0.00002226,0.00002227,5036335987.00,1642991759999,112239.39847435,155,1629511257.00,36317.78583985,0
1642991760000,0.00002226,0.00002227,0.00002221,0.00002224,2053739373.00,1642991819999,45669.36105292,148,752119167.00,16725.24869880,0
1642991820000,0.00002224,0.00002225,0.00002220,0.00002223,3137488454.00,1642991879999,69742.45335087,100,1552033524.00,34503.10152242,0
1642991880000,0.00002223,0.00002226,0.00002222,0.00002225,2800158485.00,1642991939999,62285.20566691,93,815876395.00,18151.64591953,0
1642991940000,0.00002225,0.00002229,0.00002225,0.00002228,8217993575.00,1642991999999,182983.75166992,282,5973826613.00,133033.14208880,0
1642992000000,0.00002228,0.00002232,0.00002226,0.00002229,7661134545.00,1642992059999,170783.12920926,222,5228438837.00,116570.27999112,0
1642992060000,0.00002229,0.00002234,0.00002229,0.00002231,2064988862.00,1642992119999,46096.40200781,134,1128386183.00,25189.45063603,0
1642992120000,0.00002232,0.00002232,0.00002224,0.00002228,3552100465.00,1642992179999,79142.13216686,132,1243177540.00,27675.84284710,0
1642992180000,0.00002227,0.00002227,0.00002210,0.00002216,37402376736.00,1642992239999,828801.41070710,798,10727946113.00,237717.16028647,0
1642992240000,0.00002217,0.00002221,0.00002206,0.00002212,32147434268.00,1642992299999,711357.83149510,780,14145454744.00,313084.02782213,0
1642992300000,0.00002212,0.00002215,0.00002207,0.00002212,8054833662.00,1642992359999,178112.25118007,241,3970072609.00,87767.98125244,0
1642992360000,0.00002212,0.00002221,0.00002212,0.00002218,10905614866.00,1642992419999,241766.34598927,268,5491476030.00,121738.78119149,0
1642992420000,0.00002218,0.00002218,0.00002213,0.00002215,5693962047.00,1642992479999,126170.23085079,194,2478394700.00,54921.06900102,0
1642992480000,0.00002214,0.00002214,0.00002202,0.00002203,10464055967.00,1642992539999,230945.98687077,380,4575430641.00,100957.21880742,0
1642992540000,0.00002203,0.00002205,0.00002201,0.00002202,1653727781.00,1642992599999,36440.13527343,93,1339259567.00,29513.35043191,0
1642992600000,0.00002202,0.00002204,0.00002195,0.00002197,5785313880.00,1642992659999,127230.92899332,373,2430450919.00,53472.60740358,0
1642992660000,0.00002197,0.00002199,0.00002189,0.00002191,14304995052.00,1642992719999,314036.49089827,433,8513756039.00,186899.29125997,0
1642992720000,0.00002192,0.00002195,0.00002186,0.00002186,12474266128.00,1642992779999,273233.35645351,374,3918819060.00,85838.66992673,0
1642992780000,0.00002186,0.00002195,0.00002182,0.00002190,12708631647.00,1642992839999,278213.28709238,510,7291152816.00,159577.56141694,0
1642992840000,0.00002190,0.00002192,0.00002184,0.00002185,18058835474.00,1642992899999,395007.06930117,318,8751902873.00,191421.72513510,0
1642992900000,0.00002185,0.00002190,0.00002184,0.00002185,13445715094.00,1642992959999,293988.90674005,267,4986015071.00,109026.90718840,0
1642992960000,0.00002185,0.00002187,0.00002182,0.00002185,8057354865.00,1642993019999,175962.94903426,245,2914181758.00,63655.38460210,0
1642993020000,0.00002186,0.00002190,0.00002181,0.00002184,12735270894.00,1642993079999,278269.71306113,385,7458404037.00,163025.75333604,0
1642993080000,0.00002184,0.00002184,0.00002173,0.00002180,15103481807.00,1642993139999,328943.79501709,615,5873944566.00,127972.55340601,0
1642993140000,0.00002181,0.00002183,0.00002177,0.00002178,3996038166.00,1642993199999,87088.18540004,172,1944316454.00,42383.28140557,0
1642993200000,0.00002179,0.00002180,0.00002172,0.00002174,6772284755.00,1642993259999,147325.85609396,203,2585678046.00,56237.74863445,0
1642993260000,0.00002174,0.00002183,0.00002174,0.00002182,5906586673.00,1642993319999,128717.16497719,227,3962934037.00,86367.90021633,0
1642993320000,0.00002183,0.00002185,0.00002176,0.00002184,6021877818.00,1642993379999,131296.25742070,239,2989626280.00,65208.59690760,0
1642993380000,0.00002183,0.00002188,0.00002180,0.00002187,13705996702.00,1642993439999,299418.91073624,298,8712903638.00,190356.50863565,0
1642993440000,0.00002187,0.00002194,0.00002184,0.00002194,2580609564.00,1642993499999,56502.61287576,159,1872174927.00,41006.84062380,0
1642993500000,0.00002193,0.00002194,0.00002188,0.00002190,7588763024.00,1642993559999,166319.70416151,221,4269374912.00,93575.40703334,0
1642993560000,0.00002189,0.00002196,0.00002188,0.00002189,3772936997.00,1642993619999,82694.79961785,183,1847323123.00,40494.04576065,0
1642993620000,0.00002189,0.00002195,0.00002189,0.00002190,4804049094.00,1642993679999,105331.06656334,135,3252414610.00,71311.45128943,0
1642993680000,0.00002191,0.00002194,0.00002190,0.00002191,3557524159.00,1642993739999,77998.01732152,114,2140387437.00,46933.58714461,0
1642993740000,0.00002191,0.00002191,0.00002183,0.00002184,9406234027.00,1642993799999,205553.50236280,177,3224298999.00,70479.10526479,0
1642993800000,0.00002184,0.00002192,0.00002184,0.00002187,5566425788.00,1642993859999,121840.85395359,182,3276459906.00,71730.00814411,0
1642993860000,0.00002187,0.00002194,0.00002187,0.00002191,7088988958.00,1642993919999,155281.37943105,207,4221769781.00,92476.54968188,0
1642993920000,0.00002191,0.00002201,0.00002191,0.00002196,9105318396.00,1642993979999,200126.95433039,354,6270241162.00,137832.25631123,0
1642993980000,0.00002196,0.00002204,0.00002195,0.00002203,2372738040.00,1642994039999,52194.05898816,149,1715917936.00,37746.30698947,0
1642994040000,0.00002202,0.00002206,0.00002200,0.00002202,2850918858.00,1642994099999,62796.50810734,218,1716143536.00,37804.90754420,0
1642994100000,0.00002202,0.00002203,0.00002194,0.00002195,3329085037.00,1642994159999,73188.88814045,175,407812180.00,8969.77339424,0
1642994160000,0.00002194,0.00002204,0.00002194,0.00002204,7108694663.00,1642994219999,156351.23482944,209,6373930140.00,140196.96485789,0
1642994220000,0.00002204,0.00002209,0.00002203,0.00002209,8742615124.00,1642994279999,192949.40241473,258,4239063163.00,93562.01525051,0
1642994280000,0.00002208,0.00002212,0.00002206,0.00002212,3706656826.00,1642994339999,81903.52927917,202,1627664534.00,35977.00660950,0
1642994340000,0.00002211,0.00002218,0.00002211,0.00002214,5995776177.00,1642994399999,132809.93311781,327,3099564904.00,68648.99555650,0
1642994400000,0.00002214,0.00002219,0.00002212,0.00002219,6133009291.00,1642994459999,135848.81479958,225,3612043688.00,80003.13769862,0
1642994460000,0.00002219,0.00002229,0.00002218,0.00002224,7838259789.00,1642994519999,174339.63901001,537,3950114658.00,87924.80074014,0
1642994520000,0.00002224,0.00002226,0.00002216,0.00002216,5539861511.00,1642994579999,123106.43205769,351,1520491640.00,33802.27485657,0
1642994580000,0.00002217,0.00002219,0.00002212,0.00002213,7094021816.00,1642994639999,157102.33416462,253,1487546428.00,32968.38762912,0
1642994640000,0.00002213,0.00002218,0.00002212,0.00002214,4867115748.00,1642994699999,107789.03184817,203,2841175573.00,62933.71303421,0
1642994700000,0.00002214,0.00002214,0.00002208,0.00002212,5622524758.00,1642994759999,124280.36761496,252,2020351520.00,44662.50961732,0
1642994760000,0.00002211,0.00002214,0.00002210,0.00002214,3326360470.00,1642994819999,73584.79405755,121,3235874303.00,71583.57136297,0
1642994820000,0.00002214,0.00002214,0.00002205,0.00002207,4824401098.00,1642994879999,106523.86845932,199,3059209724.00,67552.93915032,0
1642994880000,0.00002208,0.00002212,0.00002205,0.00002212,3424485745.00,1642994939999,75623.23919778,173,1836494632.00,40569.17227473,0
1642994940000,0.00002212,0.00002214,0.00002208,0.00002209,3262420593.00,1642994999999,72137.29071819,131,1163613415.00,25741.53669577,0
1642995000000,0.00002209,0.00002217,0.00002209,0.00002214,2457128925.00,1642995059999,54426.30977625,160,1469732716.00,32553.63833284,0
1642995060000,0.00002214,0.00002223,0.00002211,0.00002222,6415781865.00,1642995119999,142308.43580654,210,5136852532.00,113944.77787687,0
1642995120000,0.00002221,0.00002224,0.00002218,0.00002223,4288090171.00,1642995179999,95210.60998784,235,2046598388.00,45464.22567616,0
1642995180000,0.00002224,0.00002227,0.00002219,0.00002220,4084867586.00,1642995239999,90858.04119443,288,2944584890.00,65507.38448336,0
1642995240000,0.00002219,0.00002224,0.00002217,0.00002221,6944512132.00,1642995299999,154129.04362266,188,3369909041.00,74784.75381980,0
1642995300000,0.00002221,0.00002223,0.00002216,0.00002217,6216002861.00,1642995359999,137837.25129325,157,3266222645.00,72429.78234429,0
1642995360000,0.00002218,0.00002224,0.00002218,0.00002223,4023849943.00,1642995419999,89351.20020937,255,2462319675.00,54684.60400745,0
1642995420000,0.00002224,0.00002226,0.00002221,0.00002221,2469766991.00,1642995479999,54913.73139098,162,1037352598.00,23074.32056477,0
1642995480000,0.00002220,0.00002222,0.00002219,0.00002220,723097207.00,1642995539999,16054.09957291,79,267008902.00,5929.11450777,0
1642995540000,0.00002220,0.00002221,0.00002215,0.00002215,7366777137.00,1642995599999,163366.38040140,170,1125604627.00,24977.68588537,0
1642995600000,0.00002215,0.00002216,0.00002210,0.00002210,2999615037.00,1642995659999,66362.02914661,135,1575189287.00,34850.89768187,0
1642995660000,0.00002211,0.00002211,0.00002204,0.00002207,2734831025.00,1642995719999,60360.55342809,158,1083820057.00,23922.04906805,0
1642995720000,0.00002208,0.00002212,0.00002206,0.00002211,1686358848.00,1642995779999,37253.90298652,140,1352308239.00,29876.43315769,0
1642995780000,0.00002211,0.00002212,0.00002209,0.00002210,915568592.00,1642995839999,20239.48307075,68,102931478.00,2276.40960323,0
1642995840000,0.00002210,0.00002215,0.00002210,0.00002214,3051221246.00,1642995899999,67495.66611620,147,1929933432.00,42708.03556732,0
1642995900000,0.00002213,0.00002214,0.00002211,0.00002213,1587055542.00,1642995959999,35123.82619240,91,801979184.00,17752.44899725,0
1642995960000,0.00002214,0.00002214,0.00002212,0.00002213,2060214460.00,1642996019999,45591.02688954,78,229654932.00,5084.56019448,0
1642996020000,0.00002213,0.00002213,0.00002207,0.00002207,2265885047.00,1642996079999,50105.85574481,120,1070162483.00,23675.41804496,0
1642996080000,0.00002208,0.00002213,0.00002207,0.00002210,2072213250.00,1642996139999,45818.49993931,168,1658489535.00,36672.98269148,0
1642996140000,0.00002209,0.00002214,0.00002209,0.00002213,4124626780.00,1642996199999,91214.28471469,134,2488758448.00,55041.39951895,0
1642996200000,0.00002213,0.00002217,0.00002211,0.00002216,4630661773.00,1642996259999,102539.20208940,219,2961922636.00,65581.68775687,0
1642996260000,0.00002215,0.00002216,0.00002212,0.00002216,1870641166.00,1642996319999,41424.75855023,103,1021197744.00,22616.58199312,0
1642996320000,0.00002215,0.00002224,0.00002215,0.00002223,2577063464.00,1642996379999,57234.62858098,206,1900002354.00,42197.07281708,0
1642996380000,0.00002224,0.00002226,0.00002221,0.00002224,5958330796.00,1642996439999,132500.95327519,183,2351956646.00,52311.65518798,0
1642996440000,0.00002224,0.00002235,0.00002223,0.00002233,7948820683.00,1642996499999,177077.70792694,411,5513715913.00,122797.20050441,0
1642996500000,0.00002233,0.00002233,0.00002224,0.00002225,4616950247.00,1642996559999,102876.65145447,177,1282436764.00,28573.42107036,0
1642996560000,0.00002225,0.00002227,0.00002222,0.00002227,10509362808.00,1642996619999,233836.24212385,183,2084856485.00,46393.21003143,0
1642996620000,0.00002227,0.00002229,0.00002226,0.00002226,4188540405.00,1642996679999,93271.29878538,156,1731701255.00,38571.27643069,0
1642996680000,0.00002226,0.00002230,0.00002226,0.00002229,706406504.00,1642996739999,15743.81674071,89,254887102.00,5682.45467907,0
1642996740000,0.00002230,0.00002237,0.00002228,0.00002229,5872634654.00,1642996799999,131109.70299002,301,3453678644.00,77095.34848675,0
1642996800000,0.00002229,0.00002247,0.00002228,0.00002238,28187489959.00,1642996859999,631014.89471888,875,21684668379.00,485357.00396427,0
1642996860000,0.00002238,0.00002240,0.00002233,0.00002233,5484208933.00,1642996919999,122691.64442155,256,2503605308.00,56033.81219162,0
1642996920000,0.00002233,0.00002237,0.00002232,0.00002236,5885530611.00,1642996979999,131573.44397624,210,2969205208.00,66378.76575287,0
1642996980000,0.00002236,0.00002236,0.00002231,0.00002231,4220810543.00,1642997039999,94298.03959634,134,463274168.00,10349.43678985,0
1642997040000,0.00002231,0.00002232,0.00002228,0.00002229,6073840655.00,1642997099999,135416.08277574,178,3155274436.00,70353.23530238,0
1642997100000,0.00002228,0.00002233,0.00002226,0.00002231,4958245188.00,1642997159999,110562.24130264,197,3449599701.00,76922.44507836,0
1642997160000,0.00002231,0.00002231,0.00002216,0.00002216,27974338277.00,1642997219999,621878.64168561,598,15163658577.00,337172.50672646,0
1642997220000,0.00002217,0.00002220,0.00002214,0.00002214,3387291829.00,1642997279999,75109.65434890,132,1846698705.00,40967.70125839,0
1642997280000,0.00002214,0.00002218,0.00002213,0.00002215,6427584413.00,1642997339999,142421.70560062,154,2874692104.00,63706.00715511,0
1642997340000,0.00002214,0.00002215,0.00002210,0.00002214,3558932778.00,1642997399999,78776.16502723,177,2584684223.00,57213.08262219,0
1642997400000,0.00002215,0.00002219,0.00002214,0.00002217,4151565252.00,1642997459999,92049.50266993,143,2474027618.00,54849.39044862,0
1642997460000,0.00002218,0.00002220,0.00002211,0.00002212,3256195216.00,1642997519999,72139.41982703,126,1692445530.00,37487.26253033,0
1642997520000,0.00002212,0.00002213,0.00002209,0.00002211,2130162654.00,1642997579999,47100.47130027,167,1511131855.00,33414.87057204,0
1642997580000,0.00002211,0.00002213,0.00002204,0.00002209,8585200369.00,1642997639999,189512.75828441,299,2587142744.00,57108.34225031,0
1642997640000,0.00002209,0.00002210,0.00002206,0.00002209,4607061863.00,1642997699999,101715.01063192,134,1408271433.00,31101.67544729,0
1642997700000,0.00002210,0.00002210,0.00002202,0.00002203,3562495764.00,1642997759999,78553.12397431,152,1365165998.00,30104.13516058,0
1642997760000,0.00002202,0.00002208,0.00002202,0.00002205,7224512694.00,1642997819999,159320.12242043,220,5221678464.00,115150.63285641,0
1642997820000,0.00002206,0.00002208,0.00002204,0.00002206,1530890347.00,1642997879999,33770.69251405,86,409950399.00,9046.03844716,0
1642997880000,0.00002206,0.00002209,0.00002206,0.00002208,2712393489.00,1642997939999,59863.69934654,131,1056593625.00,23322.90683455,0
1642997940000,0.00002208,0.00002216,0.00002208,0.00002215,4573684898.00,1642997999999,101185.40533111,219,3189854857.00,70559.19392278,0
1642998000000,0.00002215,0.00002215,0.00002205,0.00002205,4314265690.00,1642998059999,95350.80669301,191,572928319.00,12649.93345632,0
1642998060000,0.00002205,0.00002206,0.00002203,0.00002204,2006502642.00,1642998119999,44235.29728247,134,442674679.00,9758.60853218,0
1642998120000,0.00002204,0.00002204,0.00002197,0.00002202,8063158280.00,1642998179999,177397.57511214,363,3254124180.00,71594.96712567,0
1642998180000,0.00002202,0.00002202,0.00002191,0.00002197,7316636612.00,1642998239999,160644.77130449,399,3215076557.00,70563.57963714,0
1642998240000,0.00002197,0.00002198,0.00002190,0.00002190,3345971977.00,1642998299999,73432.08564117,211,826268793.00,18147.00495494,0
1642998300000,0.00002192,0.00002197,0.00002191,0.00002192,3720838573.00,1642998359999,81624.62034403,226,1887019651.00,41408.64881862,0
1642998360000,0.00002193,0.00002200,0.00002191,0.00002197,8470575320.00,1642998419999,185951.64671182,317,5355389968.00,117562.46267751,0
1642998420000,0.00002197,0.00002201,0.00002197,0.00002199,2540388728.00,1642998479999,55858.60822191,172,1064908449.00,23415.24749743,0
1642998480000,0.00002200,0.00002200,0.00002195,0.00002196,2822849112.00,1642998539999,62024.51901800,159,815893320.00,17927.99212126,0
1642998540000,0.00002196,0.00002201,0.00002196,0.00002197,4078703580.00,1642998599999,89638.38097848,165,2449474839.00,53830.91451795,0
1642998600000,0.00002198,0.00002198,0.00002195,0.00002196,2356977392.00,1642998659999,51766.67921511,140,572811844.00,12582.49041175,0
1642998660000,0.00002198,0.00002198,0.00002195,0.00002197,1661938827.00,1642998719999,36516.00849480,137,528142064.00,11607.98984777,0
1642998720000,0.00002196,0.00002203,0.00002192,0.00002197,7265135546.00,1642998779999,159624.87723794,272,3244345340.00,71297.05545735,0
1642998780000,0.00002197,0.00002199,0.00002195,0.00002199,2340745918.00,1642998839999,51425.60422022,120,1201801167.00,26409.18217887,0
1642998840000,0.00002199,0.00002204,0.00002198,0.00002203,2560798162.00,1642998899999,56375.52295878,173,1622900531.00,35731.47398731,0
1642998900000,0.00002204,0.00002210,0.00002203,0.00002208,3367464570.00,1642998959999,74328.71905410,171,2500013015.00,55183.26818807,0
1642998960000,0.00002207,0.00002209,0.00002198,0.00002198,3127020781.00,1642999019999,68882.35329217,130,631166298.00,13898.09750184,0
1642999020000,0.00002198,0.00002200,0.00002196,0.00002198,2367232012.00,1642999079999,52023.35448343,94,1695411281.00,37262.44284549,0
1642999080000,0.00002197,0.00002198,0.00002191,0.00002191,2755774721.00,1642999139999,60449.24396300,134,799398076.00,17532.92083373,0
1642999140000,0.00002192,0.00002192,0.00002176,0.00002181,15840108203.00,1642999199999,345697.33801212,689,5180363222.00,113023.86218169,0
1642999200000,0.00002182,0.00002184,0.00002161,0.00002166,42368619218.00,1642999259999,919197.25238460,1374,15699872750.00,340671.36701488,0
1642999260000,0.00002166,0.00002168,0.00002158,0.00002163,7540452546.00,1642999319999,163124.60765314,467,2312316043.00,50058.85161153,0
1642999320000,0.00002163,0.00002170,0.00002161,0.00002163,10388887115.00,1642999379999,225109.28723368,456,5001261943.00,108372.35399959,0
1642999380000,0.00002162,0.00002167,0.00002160,0.00002164,5357220870.00,1642999439999,115916.31437323,245,2656610685.00,57493.62997790,0
1642999440000,0.00002164,0.00002166,0.00002160,0.00002160,3926101257.00,1642999499999,84915.36776488,224,1953264331.00,42254.41570700,0
1642999500000,0.00002161,0.00002167,0.00002160,0.00002160,7763104667.00,1642999559999,168012.50005919,278,3497231580.00,75704.00211899,0
1642999560000,0.00002160,0.00002166,0.00002153,0.00002160,21630006001.00,1642999619999,467097.12469530,816,14810410104.00,319864.67874206,0
1642999620000,0.00002160,0.00002165,0.00002156,0.00002160,10297523639.00,1642999679999,222426.07178233,315,3738293224.00,80804.91856737,0
1642999680000,0.00002161,0.00002162,0.00002154,0.00002155,14875378061.00,1642999739999,321119.81945047,372,6328328728.00,136705.03155660,0
1642999740000,0.00002155,0.00002157,0.00002144,0.00002155,29085003192.00,1642999799999,625304.75788809,1396,15025234226.00,323011.94044869,0
1642999800000,0.00002154,0.00002155,0.00002147,0.00002151,10594678952.00,1642999859999,227819.43456621,372,4702514581.00,101134.45287925,0
1642999860000,0.00002150,0.00002151,0.00002143,0.00002144,11074501446.00,1642999919999,237775.53259294,370,5357986791.00,115028.73435511,0
1642999920000,0.00002143,0.00002155,0.00002143,0.00002153,18679863476.00,1642999979999,401706.91408545,478,11575909242.00,248922.09002754,0
1642999980000,0.00002154,0.00002157,0.00002152,0.00002154,4927536486.00,1643000039999,106156.92564774,226,2719354690.00,58595.04339990,0
1643000040000,0.00002155,0.00002160,0.00002153,0.00002160,11151481674.00,1643000099999,240446.42393957,313,6485191834.00,139880.98391043,0
1643000100000,0.00002161,0.00002162,0.00002155,0.00002156,5972642302.00,1643000159999,128905.83476340,243,2885416657.00,62291.32841798,0
1643000160000,0.00002156,0.00002165,0.00002155,0.00002158,5873793812.00,1643000219999,126854.70564836,295,3222816231.00,69618.17857757,0
1643000220000,0.00002157,0.00002159,0.00002156,0.00002159,3932536809.00,1643000279999,84860.10558467,201,2029852405.00,43805.83431516,0
1643000280000,0.00002158,0.00002162,0.00002156,0.00002157,3994069426.00,1643000339999,86249.52878303,225,1805603083.00,39001.66944412,0
1643000340000,0.00002158,0.00002163,0.00002158,0.00002161,3408917629.00,1643000399999,73650.50693913,183,1611930339.00,34819.72387323,0
1643000400000,0.00002161,0.00002161,0.00002154,0.00002159,5016599158.00,1643000459999,108227.55731047,244,2626720544.00,56679.55129694,0
1643000460000,0.00002159,0.00002159,0.00002150,0.00002153,6734353353.00,1643000519999,145021.06874371,277,3045011741.00,65568.78770274,0
1643000520000,0.00002153,0.00002157,0.00002150,0.00002153,10605265057.00,1643000579999,228365.89206768,367,5182068043.00,111598.61356968,0
1643000580000,0.00002153,0.00002153,0.00002140,0.00002142,14675564425.00,1643000639999,314646.69385586,571,5657929162.00,121315.82330827,0
1643000640000,0.00002142,0.00002146,0.00002134,0.00002137,12105630238.00,1643000699999,259236.61098539,489,4767095077.00,102120.55321952,0
1643000700000,0.00002137,0.00002146,0.00002137,0.00002140,9751208802.00,1643000759999,208834.36974587,473,4307390544.00,92264.28083504,0
1643000760000,0.00002140,0.00002145,0.00002140,0.00002144,6019409399.00,1643000819999,128997.68529601,235,2616148831.00,56077.41498209,0
1643000820000,0.00002144,0.00002150,0.00002139,0.00002141,12506377904.00,1643000879999,268031.17940397,406,6996682204.00,149960.31305834,0
1643000880000,0.00002142,0.00002144,0.00002137,0.00002139,15464768681.00,1643000939999,330989.13830837,466,7785802508.00,166650.29441120,0
1643000940000,0.00002140,0.00002146,0.00002140,0.00002143,7728298144.00,1643000999999,165655.04145589,262,4010693631.00,85979.18950670,0
1643001000000,0.00002142,0.00002145,0.00002139,0.00002143,7911909989.00,1643001059999,169462.99224067,233,4828333135.00,103431.72291508,0
1643001060000,0.00002144,0.00002147,0.00002143,0.00002146,4537267473.00,1643001119999,97309.57805654,191,1601202199.00,34345.55359974,0
1643001120000,0.00002146,0.00002146,0.00002139,0.00002144,8967903061.00,1643001179999,192218.76827994,278,4451640240.00,95419.46960639,0
1643001180000,0.00002144,0.00002146,0.00002137,0.00002142,9255218878.00,1643001239999,198119.30741774,290,2258654658.00,48322.39947315,0
1643001240000,0.00002141,0.00002142,0.00002134,0.00002139,8072819036.00,1643001299999,172523.43201229,261,2152312568.00,45993.41018019,0
1643001300000,0.00002140,0.00002144,0.00002138,0.00002141,3993649523.00,1643001359999,85482.19234384,193,1518748259.00,32506.96614204,0
1643001360000,0.00002142,0.00002152,0.00002142,0.00002151,7219758067.00,1643001419999,154956.06833303,343,4162675897.00,89379.12369516,0
1643001420000,0.00002151,0.00002155,0.00002146,0.00002150,19733460127.00,1643001479999,424396.44070166,548,11518524466.00,247734.20831886,0
1643001480000,0.00002150,0.00002150,0.00002145,0.00002150,5023553965.00,1643001539999,107857.84567037,205,2207542635.00,47403.35882158,0
1643001540000,0.00002149,0.00002152,0.00002149,0.00002150,2965639234.00,1643001599999,63785.49483679,151,1533675708.00,32996.74781872,0
1643001600000,0.00002149,0.00002152,0.00002149,0.00002150,1682348587.00,1643001659999,36179.00458919,94,585622858.00,12592.77365120,0
1643001660000,0.00002150,0.00002151,0.00002141,0.00002143,5270165006.00,1643001719999,113033.96226365,177,2004049437.00,42970.24198490,0
1643001720000,0.00002143,0.00002143,0.00002140,0.00002142,3330057102.00,1643001779999,71319.12408374,141,1790973810.00,38362.93684639,0
1643001780000,0.00002142,0.00002146,0.00002141,0.00002143,3754417568.00,1643001839999,80483.14179543,156,2108480868.00,45196.53834323,0
1643001840000,0.00002143,0.00002151,0.00002142,0.00002145,4682813065.00,1643001899999,100532.74614307,199,3053029380.00,65536.25562436,0
1643001900000,0.00002145,0.00002146,0.00002141,0.00002144,7726156654.00,1643001959999,165541.96916521,230,2541445588.00,54467.32528898,0
1643001960000,0.00002144,0.00002146,0.00002142,0.00002145,5694432554.00,1643002019999,122086.85103555,194,2789800275.00,59823.56103485,0
1643002020000,0.00002146,0.00002150,0.00002145,0.00002145,5496813552.00,1643002079999,118033.15070544,223,1944992300.00,41770.12134212,0
1643002080000,0.00002145,0.00002146,0.00002142,0.00002142,2449502397.00,1643002139999,52526.06090672,137,326608320.00,7005.36817797,0
1643002140000,0.00002142,0.00002143,0.00002132,0.00002137,9702756261.00,1643002199999,207335.10568312,414,4540592793.00,96996.23551330,0
1643002200000,0.00002136,0.00002145,0.00002135,0.00002142,14974573528.00,1643002259999,320637.24186284,435,8969614351.00,192022.27266646,0
1643002260000,0.00002143,0.00002144,0.00002139,0.00002139,3508183597.00,1643002319999,75127.43369731,181,505394825.00,10827.93789684,0
1643002320000,0.00002139,0.00002143,0.00002139,0.00002140,5083614361.00,1643002379999,108798.33076833,206,2066388608.00,44233.70673263,0
1643002380000,0.00002141,0.00002141,0.00002132,0.00002132,8059608850.00,1643002439999,172167.01143377,258,3091486600.00,66047.74673174,0
1643002440000,0.00002133,0.00002134,0.00002120,0.00002131,25517023487.00,1643002499999,542738.14567166,1081,12329630999.00,262157.83156414,0
1643002500000,0.00002130,0.00002131,0.00002121,0.00002129,15278265228.00,1643002559999,324649.86961056,420,7962355587.00,169199.04096928,0
1643002560000,0.00002130,0.00002130,0.00002123,0.00002129,10469777992.00,1643002619999,222677.08163757,340,2859977033.00,60823.77199931,0
1643002620000,0.00002129,0.00002131,0.00002126,0.00002127,4782399983.00,1643002679999,101782.20927756,168,2095995637.00,44606.74942593,0
1643002680000,0.00002127,0.00002136,0.00002127,0.00002135,3271159860.00,1643002739999,69739.76769952,222,2304806676.00,49142.16103808,0
1643002740000,0.00002135,0.00002137,0.00002134,0.00002136,3575978356.00,1643002799999,76356.35597647,164,1269780670.00,27119.34396698,0
1643002800000,0.00002136,0.00002137,0.00002134,0.00002136,1536163418.00,1643002859999,32811.35051262,104,856935535.00,18306.62737199,0
1643002860000,0.00002136,0.00002136,0.00002130,0.00002133,4534120247.00,1643002919999,96701.35079786,168,1086701217.00,23173.01792688,0
1643002920000,0.00002133,0.00002140,0.00002131,0.00002140,7795243103.00,1643002979999,166474.09499842,328,7005064987.00,149597.42642933,0
1643002980000,0.00002140,0.00002146,0.00002139,0.00002142,5428585856.00,1643003039999,116360.13561429,253,2400040393.00,51451.73930095,0
1643003040000,0.00002143,0.00002146,0.00002141,0.00002142,3110819793.00,1643003099999,66686.18095663,143,1043688895.00,22384.66294249,0
1643003100000,0.00002142,0.00002148,0.00002142,0.00002147,2852150212.00,1643003159999,61191.87120835,191,1672481644.00,35882.62266174,0
1643003160000,0.00002147,0.00002148,0.00002143,0.00002143,7563252241.00,1643003219999,162219.85269486,222,1549945282.00,33242.28427039,0
1643003220000,0.00002143,0.00002159,0.00002143,0.00002156,37182795101.00,1643003279999,800397.46800874,949,26192683964.00,563686.43026368,0
1643003280000,0.00002155,0.00002155,0.00002150,0.00002150,7775954673.00,1643003339999,167352.54852301,235,2896071040.00,62341.06879610,0
1643003340000,0.00002150,0.00002152,0.00002147,0.00002149,3300205586.00,1643003399999,70960.71414124,143,1499779789.00,32253.82216154,0
1643003400000,0.00002149,0.00002156,0.00002149,0.00002150,5233785950.00,1643003459999,112616.57831805,218,2409698967.00,51864.39357784,0
1643003460000,0.00002151,0.00002156,0.00002149,0.00002154,9128340798.00,1643003519999,196534.19094019,244,5196208851.00,111860.44512516,0
1643003520000,0.00002153,0.00002156,0.00002148,0.00002149,5240984443.00,1643003579999,112783.74864000,200,2072081928.00,44613.49045788,0
1643003580000,0.00002149,0.00002151,0.00002145,0.00002145,4365371427.00,1643003639999,93781.05949241,208,879316872.00,18898.38982490,0
1643003640000,0.00002145,0.00002147,0.00002144,0.00002147,3164858087.00,1643003699999,67893.14772210,152,510956492.00,10962.52052976,0
1643003700000,0.00002146,0.00002148,0.00002143,0.00002146,5577950017.00,1643003759999,119622.83458239,245,1410946031.00,30261.72075258,0
1643003760000,0.00002145,0.00002150,0.00002145,0.00002147,5404021693.00,1643003819999,116042.22664470,269,1701435749.00,36543.43337414,0
1643003820000,0.00002148,0.00002158,0.00002147,0.00002156,12012080667.00,1643003879999,258722.99240807,451,5430218008.00,116964.35685524,0
1643003880000,0.00002156,0.00002159,0.00002153,0.00002154,6261517966.00,1643003939999,135032.69966087,253,2456645377.00,52996.12529581,0
1643003940000,0.00002154,0.00002158,0.00002151,0.00002152,3325831203.00,1643003999999,71643.57199085,179,964619599.00,20783.29421530,0
1643004000000,0.00002152,0.00002157,0.00002151,0.00002154,5761186776.00,1643004059999,124089.85729436,268,3396974595.00,73184.84285374,0
1643004060000,0.00002155,0.00002155,0.00002147,0.00002150,3813878681.00,1643004119999,82014.85917122,233,1200109589.00,25803.74141398,0
1643004120000,0.00002149,0.00002149,0.00002143,0.00002147,8918003125.00,1643004179999,191370.82222792,345,4309308721.00,92498.18776158,0
1643004180000,0.00002147,0.00002148,0.00002142,0.00002143,2595476480.00,1643004239999,55647.00339165,174,525200442.00,11264.61171851,0
1643004240000,0.00002143,0.00002148,0.00002143,0.00002146,4140534319.00,1643004299999,88845.29231356,160,3166020365.00,67941.71066007,0
1643004300000,0.00002147,0.00002151,0.00002147,0.00002149,3042686921.00,1643004359999,65406.01802331,145,1619802835.00,34814.77658678,0
1643004360000,0.00002149,0.00002152,0.00002147,0.00002152,2373206648.00,1643004419999,51027.15829585,150,1445897202.00,31098.27276341,0
1643004420000,0.00002151,0.00002154,0.00002146,0.00002148,2173031276.00,1643004479999,46714.70210732,129,1018412765.00,21901.60644473,0
1643004480000,0.00002147,0.00002148,0.00002143,0.00002144,1827931621.00,1643004539999,39218.57549459,111,563992537.00,12105.38707448,0
1643004540000,0.00002143,0.00002145,0.00002141,0.00002142,2160481384.00,1643004599999,46301.03651536,122,1130738685.00,24234.38287006,0
1643004600000,0.00002143,0.00002143,0.00002136,0.00002137,8760587918.00,1643004659999,187417.75077218,300,3290047507.00,70378.95496801,0
1643004660000,0.00002138,0.00002142,0.00002137,0.00002142,16946519691.00,1643004719999,362851.69586380,352,13209164667.00,282860.84800937,0
1643004720000,0.00002141,0.00002142,0.00002139,0.00002141,9962445355.00,1643004779999,213183.23876976,215,1454104880.00,31129.07142343,0
1643004780000,0.00002141,0.00002142,0.00002139,0.00002141,2526622839.00,1643004839999,54073.87848413,171,635189680.00,13597.51802019,0
1643004840000,0.00002141,0.00002141,0.00002139,0.00002139,4469551207.00,1643004899999,95624.84017064,117,148306307.00,3174.06210920,0
1643004900000,0.00002140,0.00002142,0.00002133,0.00002140,26196464931.00,1643004959999,560394.53446990,492,9670572301.00,206931.78278740,0
1643004960000,0.00002140,0.00002155,0.00002140,0.00002149,30054479348.00,1643005019999,645629.79006202,600,17574612653.00,377265.05452106,0
1643005020000,0.00002148,0.00002154,0.00002146,0.00002148,11643581700.00,1643005079999,250315.36233257,332,6214134768.00,133623.53602924,0
1643005080000,0.00002148,0.00002153,0.00002145,0.00002149,6306643341.00,1643005139999,135532.64325317,258,2894082950.00,62221.66122074,0
1643005140000,0.00002149,0.00002150,0.00002145,0.00002145,3057971823.00,1643005199999,65675.57057619,197,1254668608.00,26953.36601644,0
1643005200000,0.00002144,0.00002153,0.00002144,0.00002152,8883145898.00,1643005259999,190885.25495159,368,6336154636.00,136137.61479251,0
1643005260000,0.00002153,0.00002156,0.00002151,0.00002155,10245381386.00,1643005319999,220676.06056049,330,4515522602.00,97278.14366580,0
1643005320000,0.00002154,0.00002155,0.00002151,0.00002152,4394505519.00,1643005379999,94611.41090564,157,1267877575.00,27298.21121116,0
1643005380000,0.00002152,0.00002155,0.00002151,0.00002154,4118111708.00,1643005439999,88687.58070995,271,2350652430.00,50629.69362937,0
1643005440000,0.00002154,0.00002156,0.00002152,0.00002152,3228539170.00,1643005499999,69538.88953924,210,1108463245.00,23880.78481222,0
1643005500000,0.00002152,0.00002157,0.00002152,0.00002157,5468873430.00,1643005559999,117854.79101834,229,3523260690.00,75940.03910661,0
1643005560000,0.00002157,0.00002186,0.00002156,0.00002172,42129803821.00,1643005619999,916083.34228518,1787,26628944314.00,578799.71270274,0
1643005620000,0.00002172,0.00002174,0.00002167,0.00002172,6286519782.00,1643005679999,136416.11919152,251,3756734091.00,81504.54853886,0
1643005680000,0.00002172,0.00002172,0.00002166,0.00002167,6727070246.00,1643005739999,145929.28480068,264,1210459395.00,26268.03630299,0
1643005740000,0.00002166,0.00002172,0.00002165,0.00002168,6498914339.00,1643005799999,140827.04109526,284,2944873551.00,63825.64507540,0
1643005800000,0.00002168,0.00002175,0.00002166,0.00002166,9230269237.00,1643005859999,200452.85861960,388,5403216178.00,117388.52775855,0
1643005860000,0.00002166,0.00002167,0.00002162,0.00002166,7374320323.00,1643005919999,159619.26414223,299,3167670183.00,68561.96964140,0
1643005920000,0.00002165,0.00002165,0.00002161,0.00002162,6483999949.00,1643005979999,140258.23149625,204,2897542024.00,62683.60937347,0
1643005980000,0.00002162,0.00002164,0.00002158,0.00002160,8699567332.00,1643006039999,187960.00951524,365,3206417422.00,69270.59981635,0
1643006040000,0.00002160,0.00002162,0.00002157,0.00002159,3599619463.00,1643006099999,77715.02738343,231,1497677448.00,32338.68744035,0
1643006100000,0.00002159,0.00002160,0.00002156,0.00002158,3362425002.00,1643006159999,72571.71060912,193,1721190639.00,37158.25730205,0
1643006160000,0.00002157,0.00002158,0.00002151,0.00002154,4525288174.00,1643006219999,97465.33020623,293,1967862744.00,42377.24960545,0
1643006220000,0.00002154,0.00002155,0.00002151,0.00002153,2744193213.00,1643006279999,59051.62131709,146,364516832.00,7846.91918272,0
1643006280000,0.00002152,0.00002158,0.00002150,0.00002152,11400232626.00,1643006339999,245539.08885167,385,5933101695.00,127814.72787874,0
1643006340000,0.00002151,0.00002155,0.00002151,0.00002154,4436266517.00,1643006399999,95511.33408942,232,1388394102.00,29898.92807127,0
1643006400000,0.00002153,0.00002159,0.00002152,0.00002154,6275538098.00,1643006459999,135269.69083614,256,3451942822.00,74414.00888751,0
1643006460000,0.00002155,0.00002160,0.00002153,0.00002155,6177164665.00,1643006519999,133219.59026362,369,3601489631.00,77674.80345611,0
1643006520000,0.00002155,0.00002158,0.00002153,0.00002155,4642419191.00,1643006579999,100044.24126381,270,2443229292.00,52655.68465129,0
1643006580000,0.00002155,0.00002159,0.00002151,0.00002157,4690938292.00,1643006639999,101081.68274019,182,2821663421.00,60820.16542597,0
1643006640000,0.00002156,0.00002157,0.00002155,0.00002156,3271846948.00,1643006699999,70539.22223988,162,460560539.00,9932.82039083,0
1643006700000,0.00002156,0.00002157,0.00002151,0.00002157,5746644460.00,1643006759999,123771.35661693,220,2706272481.00,58284.85578318,0
1643006760000,0.00002156,0.00002157,0.00002152,0.00002152,2605932449.00,1643006819999,56122.50329376,139,317264272.00,6834.96174334,0
1643006820000,0.00002152,0.00002152,0.00002146,0.00002151,6441663377.00,1643006879999,138456.86157333,284,2563984941.00,55102.26077992,0
1643006880000,0.00002151,0.00002151,0.00002147,0.00002149,2669092450.00,1643006939999,57350.33182324,129,906342299.00,19477.88449926,0
1643006940000,0.00002149,0.00002150,0.00002148,0.00002148,3826415041.00,1643006999999,82226.83107874,163,1562237725.00,33580.90983763,0
1643007000000,0.00002148,0.00002150,0.00002148,0.00002149,4954838580.00,1643007059999,106470.75533863,182,3085290128.00,66303.23324734,0
1643007060000,0.00002149,0.00002150,0.00002148,0.00002149,2613070928.00,1643007119999,56153.70119669,126,757121614.00,16274.33099546,0
1643007120000,0.00002149,0.00002150,0.00002147,0.00002149,3845724321.00,1643007179999,82621.95866226,150,1812141713.00,38932.36293369,0
1643007180000,0.00002148,0.00002149,0.00002147,0.00002148,2154579913.00,1643007239999,46279.76605380,130,359318580.00,7718.49153934,0
1643007240000,0.00002147,0.00002156,0.00002144,0.00002155,16125523869.00,1643007299999,346646.28843950,497,12824179302.00,275734.36366385,0
1643007300000,0.00002156,0.00002164,0.00002153,0.00002159,9434693026.00,1643007359999,203621.05768236,253,3556610694.00,76774.19240291,0
1643007360000,0.00002159,0.00002170,0.00002158,0.00002158,11232587352.00,1643007419999,243029.99583214,391,4236529153.00,91620.54899831,0
1643007420000,0.00002157,0.00002162,0.00002152,0.00002160,12188844101.00,1643007479999,262949.50399215,381,5990357044.00,129190.67081646,0
1643007480000,0.00002160,0.00002162,0.00002156,0.00002162,3519277720.00,1643007539999,75962.50443192,146,1357228757.00,29301.04303512,0
1643007540000,0.00002162,0.00002163,0.00002154,0.00002156,6684100023.00,1643007599999,144241.66534835,176,2721504788.00,58726.56627388,0
1643007600000,0.00002156,0.00002156,0.00002147,0.00002148,4340430313.00,1643007659999,93388.13410190,160,1179399670.00,25386.18125387,0
1643007660000,0.00002148,0.00002148,0.00002134,0.00002138,22116406405.00,1643007719999,473394.11104673,719,10815545745.00,231513.87435391,0
1643007720000,0.00002137,0.00002144,0.00002136,0.00002141,8604501572.00,1643007779999,184180.23863989,317,5103296149.00,109256.25753910,0
1643007780000,0.00002139,0.00002140,0.00002131,0.00002133,8054156884.00,1643007839999,171873.80352069,295,2418982617.00,51622.41589985,0
1643007840000,0.00002134,0.00002135,0.00002128,0.00002133,7975349387.00,1643007899999,169960.84213405,320,3735720048.00,79632.23420094,0
1643007900000,0.00002133,0.00002140,0.00002132,0.00002139,8430836094.00,1643007959999,180083.14648904,294,5261961235.00,112425.37796735,0
1643007960000,0.00002140,0.00002144,0.00002135,0.00002137,7876937587.00,1643008019999,168598.84229966,263,4054330894.00,86814.24227719,0
1643008020000,0.00002138,0.00002142,0.00002134,0.00002142,2794384889.00,1643008079999,59749.91592315,141,2053156587.00,43898.83495171,0
1643008080000,0.00002141,0.00002143,0.00002136,0.00002139,4354411669.00,1643008139999,93167.94190736,172,1058024418.00,22648.96918249,0
1643008140000,0.00002139,0.00002142,0.00002133,0.00002137,6637601742.00,1643008199999,141848.49739112,251,3500660121.00,74805.76243692,0
1643008200000,0.00002137,0.00002137,0.00002132,0.00002134,4780155927.00,1643008259999,102048.24723574,211,2159990584.00,46115.47170222,0
1643008260000,0.00002134,0.00002139,0.00002133,0.00002133,4483316246.00,1643008319999,95755.56174637,207,2074038476.00,44296.79615219,0
1643008320000,0.00002133,0.00002133,0.00002127,0.00002128,10125969877.00,1643008379999,215708.56240765,312,4776967872.00,101756.96507180,0
1643008380000,0.00002128,0.00002133,0.00002126,0.00002130,12709508170.00,1643008439999,270674.33090551,355,9263269954.00,197292.80265990,0
1643008440000,0.00002130,0.00002133,0.00002127,0.00002131,5264531254.00,1643008499999,112126.36597308,255,2028956764.00,43215.84945624,0
1643008500000,0.00002131,0.00002137,0.00002130,0.00002137,15714526981.00,1643008559999,335357.54390190,433,7876039356.00,168101.27004185,0
1643008560000,0.00002136,0.00002137,0.00002130,0.00002133,7251060984.00,1643008619999,154710.99208257,242,2616862242.00,55828.50988900,0
1643008620000,0.00002134,0.00002134,0.00002123,0.00002126,11768609037.00,1643008679999,250299.47306652,446,4867663386.00,103508.40850181,0
1643008680000,0.00002125,0.00002126,0.00002114,0.00002124,21854512087.00,1643008739999,463387.70436243,864,12009663471.00,254701.00544823,0
1643008740000,0.00002124,0.00002127,0.00002124,0.00002124,6547262383.00,1643008799999,139143.42593914,241,2471175367.00,52526.03983229,0
1643008800000,0.00002124,0.00002130,0.00002120,0.00002124,15066931970.00,1643008859999,320256.21003238,441,6684148365.00,142100.56839079,0
1643008860000,0.00002125,0.00002130,0.00002125,0.00002129,12820735724.00,1643008919999,272688.71329598,384,4834594422.00,102833.70825762,0
1643008920000,0.00002129,0.00002133,0.00002126,0.00002130,5726391371.00,1643008979999,121917.26253260,273,1650521745.00,35156.15647078,0
1643008980000,0.00002130,0.00002136,0.00002130,0.00002133,9961330609.00,1643009039999,212453.97880548,251,7023116254.00,149790.10253186,0
1643009040000,0.00002133,0.00002135,0.00002131,0.00002132,4545352485.00,1643009099999,96948.16482926,176,1002216975.00,21385.39229612,0
1643009100000,0.00002132,0.00002136,0.00002130,0.00002136,5442490851.00,1643009159999,116042.32236410,232,2356335556.00,50263.36935277,0
1643009160000,0.00002136,0.00002139,0.00002134,0.00002135,5729345796.00,1643009219999,122384.55620544,228,2099809185.00,44871.17436437,0
1643009220000,0.00002135,0.00002136,0.00002131,0.00002132,4472332769.00,1643009279999,95443.75458638,189,1495567996.00,31925.56077397,0
1643009280000,0.00002132,0.00002133,0.00002129,0.00002129,7045936409.00,1643009339999,150132.46528482,281,2687130580.00,57259.30662721,0
1643009340000,0.00002129,0.00002132,0.00002124,0.00002127,5578830558.00,1643009399999,118710.91121565,253,1827850260.00,38889.26401262,0
1643009400000,0.00002126,0.00002130,0.00002119,0.00002126,11070917653.00,1643009459999,235131.76897100,359,6756861566.00,143467.10920568,0
1643009460000,0.00002126,0.00002129,0.00002122,0.00002129,8865886525.00,1643009519999,188400.17071451,291,3943993288.00,83835.43701784,0
1643009520000,0.00002129,0.00002134,0.00002126,0.00002132,7113225046.00,1643009579999,151558.01727881,285,4448172866.00,94776.12424292,0
1643009580000,0.00002132,0.00002133,0.00002126,0.00002128,7446683795.00,1643009639999,158571.36418269,234,1487685243.00,31674.48483449,0
1643009640000,0.00002128,0.00002129,0.00002126,0.00002127,4117351225.00,1643009699999,87588.28950836,200,1880359784.00,40005.26900613,0
1643009700000,0.00002126,0.00002126,0.00002122,0.00002122,4732933258.00,1643009759999,100553.87513857,212,963414943.00,20477.24535637,0
1643009760000,0.00002122,0.00002123,0.00002116,0.00002117,6111816775.00,1643009819999,129552.50649109,294,1916794645.00,40630.34898685,0
1643009820000,0.00002116,0.00002126,0.00002114,0.00002125,10637436852.00,1643009879999,225438.89703601,383,6283768288.00,133176.37742873,0
1643009880000,0.00002124,0.00002127,0.00002120,0.00002121,5054572515.00,1643009939999,107342.34123006,232,1674454095.00,35557.66636131,0
1643009940000,0.00002121,0.00002123,0.00002116,0.00002119,6582050943.00,1643009999999,139534.66576807,268,2515804812.00,53329.98501806,0
1643010000000,0.00002119,0.00002120,0.00002112,0.00002115,9348966563.00,1643010059999,197807.33282066,355,3865397930.00,81783.09364105,0
1643010060000,0.00002114,0.00002118,0.00002107,0.00002107,16586943902.00,1643010119999,350413.03850256,643,6993705483.00,147744.29518818,0
1643010120000,0.00002107,0.00002108,0.00002099,0.00002100,43262511186.00,1643010179999,909692.85733801,1358,12627131270.00,265587.17865781,0
1643010180000,0.00002099,0.00002106,0.00002099,0.00002101,12412297134.00,1643010239999,260912.77175785,401,5330342580.00,112077.97946005,0
1643010240000,0.00002100,0.00002104,0.00002094,0.00002098,31943947267.00,1643010299999,670472.49977612,915,9962330570.00,209078.38700815,0
1643010300000,0.00002098,0.00002103,0.00002090,0.00002095,23876473201.00,1643010359999,500470.55798404,786,10563662906.00,221512.64921683,0
1643010360000,0.00002094,0.00002104,0.00002092,0.00002103,17693049591.00,1643010419999,371108.18479704,544,10616481970.00,222666.74869624,0
1643010420000,0.00002103,0.00002106,0.00002101,0.00002104,13183704033.00,1643010479999,277220.35430619,360,4952206317.00,104159.03529392,0
1643010480000,0.00002104,0.00002109,0.00002099,0.00002108,8855903626.00,1643010539999,186386.78017312,296,5564588101.00,117145.43886427,0
1643010540000,0.00002108,0.00002109,0.00002103,0.00002104,7520208772.00,1643010599999,158280.61130262,230,3373711699.00,71000.54182572,0
1643010600000,0.00002104,0.00002106,0.00002099,0.00002103,4974268768.00,1643010659999,104585.57977377,210,2321461347.00,48807.86952674,0
1643010660000,0.00002103,0.00002103,0.00002095,0.00002097,8596813244.00,1643010719999,180361.95303904,322,2715718388.00,56993.68208239,0
1643010720000,0.00002097,0.00002101,0.00002093,0.00002100,14600296926.00,1643010779999,306065.78292135,384,5452769439.00,114351.60368557,0
1643010780000,0.00002100,0.00002104,0.00002100,0.00002103,10595241058.00,1643010839999,222720.02307228,297,5889839301.00,123836.83058235,0
1643010840000,0.00002103,0.00002108,0.00002102,0.00002102,6800156329.00,1643010899999,143121.72456226,260,2791368967.00,58762.31556553,0
1643010900000,0.00002102,0.00002104,0.00002096,0.00002097,11998900077.00,1643010959999,251879.15978746,303,4489568040.00,94228.65729635,0
1643010960000,0.00002097,0.00002100,0.00002081,0.00002088,49880452930.00,1643011019999,1042446.80768794,1642,17484550678.00,365608.58384532,0
1643011020000,0.00002088,0.00002093,0.00002086,0.00002091,16288322675.00,1643011079999,340520.36973404,492,6985413581.00,146066.26569424,0
1643011080000,0.00002090,0.00002093,0.00002085,0.00002088,25331510570.00,1643011139999,528989.48463670,698,10475455452.00,218782.40369973,0
1643011140000,0.00002088,0.00002094,0.00002087,0.00002090,11117175847.00,1643011199999,232389.92201536,368,5524627638.00,115494.95992942,0
1643011200000,0.00002090,0.00002092,0.00002077,0.00002084,22943672389.00,1643011259999,478074.35337474,818,9014581791.00,187742.12816686,0
1643011260000,0.00002085,0.00002095,0.00002079,0.00002095,16744057511.00,1643011319999,349412.79415949,633,7229982847.00,151009.87120441,0
1643011320000,0.00002096,0.00002103,0.00002091,0.00002093,21614097352.00,1643011379999,453267.35805925,685,12272027421.00,257394.95781013,0
1643011380000,0.00002092,0.00002099,0.00002091,0.00002097,11915237002.00,1643011439999,249523.89781934,418,4865302414.00,101895.52604466,0
1643011440000,0.00002096,0.00002099,0.00002090,0.00002094,10759138902.00,1643011499999,225251.35311215,359,3603605047.00,75451.22902622,0
1643011500000,0.00002093,0.00002109,0.00002093,0.00002105,40060497856.00,1643011559999,842637.01795175,1063,25874520110.00,544178.30288526,0
1643011560000,0.00002105,0.00002106,0.00002099,0.00002102,7827523357.00,1643011619999,164557.43128275,341,3654694351.00,76846.54830902,0
1643011620000,0.00002101,0.00002104,0.00002099,0.00002099,5300767398.00,1643011679999,111411.88878119,258,1778377468.00,37390.73524531,0
1643011680000,0.00002099,0.00002099,0.00002092,0.00002093,6168914865.00,1643011739999,129275.87194714,321,2374280344.00,49760.96575863,0
1643011740000,0.00002092,0.00002097,0.00002089,0.00002094,8825516879.00,1643011799999,184684.43949214,338,4279062391.00,89574.44397803,0
1643011800000,0.00002093,0.00002097,0.00002089,0.00002094,8442990091.00,1643011859999,176767.12645099,401,4762575563.00,99729.65345090,0
1643011860000,0.00002094,0.00002098,0.00002091,0.00002095,8248683831.00,1643011919999,172751.28476168,335,4381775943.00,91783.68915630,0
1643011920000,0.00002095,0.00002096,0.00002091,0.00002093,3457689507.00,1643011979999,72372.03131353,192,1941435358.00,40637.36668649,0
1643011980000,0.00002093,0.00002104,0.00002092,0.00002102,7246255419.00,1643012039999,152058.81870087,348,5432493608.00,113993.70174257,0
1643012040000,0.00002103,0.00002103,0.00002097,0.00002101,7191780215.00,1643012099999,151063.48314432,277,3201450363.00,67265.99621184,0
1643012100000,0.00002101,0.00002108,0.00002098,0.00002107,9548245204.00,1643012159999,200826.99085971,310,3622919988.00,76229.81160910,0
1643012160000,0.00002107,0.00002110,0.00002105,0.00002110,8467312362.00,1643012219999,178465.32478788,386,5522156351.00,116408.31084126,0
1643012220000,0.00002110,0.00002115,0.00002110,0.00002112,17436347269.00,1643012279999,368368.18652599,464,11791339221.00,249139.25528451,0
1643012280000,0.00002112,0.00002113,0.00002107,0.00002112,9535438829.00,1643012339999,201224.36597558,328,4471653502.00,94383.56147729,0
1643012340000,0.00002111,0.00002112,0.00002108,0.00002111,5818199901.00,1643012399999,122776.39929287,220,2992761395.00,63167.52874161,0
1643012400000,0.00002110,0.00002113,0.00002105,0.00002106,10048097396.00,1643012459999,211859.96405595,344,3013413768.00,63595.81122088,0
1643012460000,0.00002106,0.00002109,0.00002106,0.00002107,3409516935.00,1643012519999,71853.10032816,194,1476610501.00,31124.89374203,0
1643012520000,0.00002107,0.00002108,0.00002103,0.00002107,4340665017.00,1643012579999,91371.08240719,215,1776219601.00,37393.27760222,0
1643012580000,0.00002107,0.00002111,0.00002107,0.00002109,4261490974.00,1643012639999,89846.53302719,229,2092834539.00,44130.97425310,0
1643012640000,0.00002108,0.00002109,0.00002103,0.00002105,3341072502.00,1643012699999,70339.39448157,210,831692734.00,17505.57394261,0
1643012700000,0.00002105,0.00002107,0.00002101,0.00002102,4132137504.00,1643012759999,86937.69235435,172,932126650.00,19617.11761092,0
1643012760000,0.00002101,0.00002103,0.00002098,0.00002102,4675133907.00,1643012819999,98186.31481486,279,1494146629.00,31381.00761983,0
1643012820000,0.00002101,0.00002104,0.00002100,0.00002104,4764615046.00,1643012879999,100151.10031600,177,1512098237.00,31798.29046365,0
1643012880000,0.00002103,0.00002109,0.00002103,0.00002108,5332467139.00,1643012939999,112288.95364491,195,3394169840.00,71471.73539231,0
1643012940000,0.00002108,0.00002109,0.00002104,0.00002109,3601098074.00,1643012999999,75844.42859837,172,1289300556.00,27167.49551461,0
1643013000000,0.00002109,0.00002115,0.00002104,0.00002114,7773011495.00,1643013059999,163987.18828762,313,4370639786.00,92211.11333363,0
1643013060000,0.00002114,0.00002117,0.00002111,0.00002115,7554665189.00,1643013119999,159739.97724338,294,4006495255.00,84726.27684953,0
1643013120000,0.00002116,0.00002118,0.00002114,0.00002115,2946659794.00,1643013179999,62343.70361521,176,1201086840.00,25412.00904735,0
1643013180000,0.00002115,0.00002116,0.00002113,0.00002115,6313850843.00,1643013239999,133523.77010104,172,5309620008.00,112297.66589690,0
1643013240000,0.00002114,0.00002116,0.00002113,0.00002116,3054900520.00,1643013299999,64587.18032577,137,933230932.00,19734.48939915,0
1643013300000,0.00002115,0.00002125,0.00002115,0.00002121,11521368913.00,1643013359999,244384.97223617,499,7080500575.00,150187.62226356,0
1643013360000,0.00002122,0.00002122,0.00002116,0.00002118,4648291902.00,1643013419999,98469.27458877,195,2634310681.00,55796.51348490,0
1643013420000,0.00002119,0.00002119,0.00002114,0.00002115,5485923020.00,1643013479999,116116.19502155,224,1950501447.00,41292.19395653,0
1643013480000,0.00002114,0.00002116,0.00002113,0.00002115,2642126640.00,1643013539999,55857.27130235,175,779670508.00,16487.51525956,0
1643013540000,0.00002114,0.00002120,0.00002114,0.00002118,5705577132.00,1643013599999,120817.82522305,221,3475183940.00,73585.69989015,0
1643013600000,0.00002118,0.00002118,0.00002113,0.00002116,6608436434.00,1643013659999,139790.19261004,264,3067746208.00,64890.92182376,0
1643013660000,0.00002116,0.00002117,0.00002112,0.00002113,4283285545.00,1643013719999,90536.95665548,194,1517244191.00,32069.62237631,0
1643013720000,0.00002113,0.00002114,0.00002109,0.00002109,4382342769.00,1643013779999,92523.39327904,216,1690037994.00,35682.45825711,0
1643013780000,0.00002109,0.00002113,0.00002108,0.00002113,4292567740.00,1643013839999,90555.25820476,221,1975276452.00,41685.83555567,0
1643013840000,0.00002114,0.00002114,0.00002109,0.00002112,9964691724.00,1643013899999,210440.67131044,269,4426777808.00,93484.44698261,0
1643013900000,0.00002111,0.00002112,0.00002085,0.00002093,51588444150.00,1643013959999,1080909.98481809,1395,14053900048.00,294301.73596599,0
1643013960000,0.00002093,0.00002094,0.00002077,0.00002089,63278209605.00,1643014019999,1319018.51407149,1862,34985839446.00,729226.41065939,0
1643014020000,0.00002089,0.00002137,0.00002089,0.00002134,62287774741.00,1643014079999,1316561.58794279,2811,35857873350.00,758072.60891172,0
1643014080000,0.00002134,0.00002143,0.00002114,0.00002124,73660129882.00,1643014139999,1567228.63076408,2494,35163886681.00,748364.56128126,0
1643014140000,0.00002123,0.00002123,0.00002105,0.00002110,29758382016.00,1643014199999,628610.70871007,806,13563896823.00,286425.81919629,0
1643014200000,0.00002109,0.00002116,0.00002099,0.00002099,20588638823.00,1643014259999,434252.96662401,627,8372855424.00,176596.34394807,0
1643014260000,0.00002099,0.00002105,0.00002093,0.00002103,21804515986.00,1643014319999,457743.27439846,634,11790369564.00,247515.28485100,0
1643014320000,0.00002103,0.00002110,0.00002097,0.00002098,12199005160.00,1643014379999,256602.81420158,402,5858555687.00,123228.70313778,0
1643014380000,0.00002099,0.00002105,0.00002093,0.00002095,16733184645.00,1643014439999,351268.37680609,382,6901003404.00,144910.57123603,0
1643014440000,0.00002095,0.00002096,0.00002088,0.00002094,19314645653.00,1643014499999,403990.69617444,675,9521601909.00,199161.17156473,0
1643014500000,0.00002094,0.00002095,0.00002089,0.00002094,7752087211.00,1643014559999,162216.32278916,233,5065663632.00,106000.85720654,0
1643014560000,0.00002094,0.00002096,0.00002088,0.00002091,9661017618.00,1643014619999,201994.89271934,319,4655712602.00,97357.88436700,0
1643014620000,0.00002090,0.00002097,0.00002085,0.00002094,19862061561.00,1643014679999,415044.10396685,590,11342534326.00,237028.61960035,0
1643014680000,0.00002095,0.00002099,0.00002092,0.00002095,7538149654.00,1643014739999,157943.11293265,268,3284816895.00,68821.42811653,0
1643014740000,0.00002095,0.00002103,0.00002093,0.00002097,10382638882.00,1643014799999,217844.90074493,319,4138246063.00,86850.46567414,0
1643014800000,0.00002097,0.00002103,0.00002094,0.00002101,11840507953.00,1643014859999,248678.37444974,339,6364732149.00,133705.07568850,0
1643014860000,0.00002101,0.00002103,0.00002095,0.00002100,7722365599.00,1643014919999,162114.60463504,307,2796555731.00,58709.01159852,0
1643014920000,0.00002099,0.00002105,0.00002098,0.00002098,9880786839.00,1643014979999,207616.83645075,352,3957967470.00,83167.03923921,0
1643014980000,0.00002098,0.00002098,0.00002092,0.00002096,10102605593.00,1643015039999,211708.78983277,307,4629957106.00,97024.28911515,0
1643015040000,0.00002095,0.00002099,0.00002085,0.00002092,19943521034.00,1643015099999,417324.64684154,594,6978274380.00,146083.25726497,0
1643015100000,0.00002093,0.00002097,0.00002088,0.00002090,11728652925.00,1643015159999,245457.11991628,290,6744930886.00,141142.50370598,0
1643015160000,0.00002089,0.00002093,0.00002087,0.00002093,12192183611.00,1643015219999,254855.59718307,358,5917296660.00,123705.99323013,0
1643015220000,0.00002092,0.00002093,0.00002084,0.00002086,22959062217.00,1643015279999,479049.67300665,531,4337625156.00,90504.20457358,0
1643015280000,0.00002086,0.00002089,0.00002080,0.00002084,17444209810.00,1643015339999,363727.03614600,636,6988149989.00,145739.74905568,0
1643015340000,0.00002083,0.00002086,0.00002070,0.00002070,18618855513.00,1643015399999,386996.57901976,842,8157754439.00,169566.76385070,0
1643015400000,0.00002070,0.00002084,0.00002069,0.00002081,33135019661.00,1643015459999,688235.48367104,957,15349484403.00,318966.47892452,0
1643015460000,0.00002080,0.00002083,0.00002077,0.00002083,12332205451.00,1643015519999,256482.38799388,397,5736214484.00,119296.42869404,0
1643015520000,0.00002082,0.00002084,0.00002074,0.00002074,12471415934.00,1643015579999,259108.39095684,359,5812367275.00,120715.38362526,0
1643015580000,0.00002075,0.00002080,0.00002073,0.00002078,13828441648.00,1643015639999,287086.51992972,346,6414916243.00,133214.74200851,0
1643015640000,0.00002078,0.00002081,0.00002074,0.00002077,15131523007.00,1643015699999,314295.86743241,423,7885762054.00,163779.53956566,0
1643015700000,0.00002076,0.00002079,0.00002072,0.00002075,11716552657.00,1643015759999,243141.16579049,347,4361161375.00,90494.20593631,0
1643015760000,0.00002074,0.00002074,0.00002063,0.00002068,48777192712.00,1643015819999,1008433.28815497,1159,17676547444.00,365186.36990766,0
1643015820000,0.00002068,0.00002069,0.00002057,0.00002058,22906390822.00,1643015879999,472290.99878083,854,8638730927.00,178071.22739507,0
1643015880000,0.00002057,0.00002063,0.00002056,0.00002060,19490795530.00,1643015939999,401402.28063081,618,8325558676.00,171483.67682180,0
1643015940000,0.00002060,0.00002061,0.00002052,0.00002058,22409918439.00,1643015999999,460994.53861549,809,10572599164.00,217476.31327800,0
1643016000000,0.00002057,0.00002062,0.00002039,0.00002044,56209481517.00,1643016059999,1152130.12270277,1986,20123411005.00,412504.01027443,0
1643016060000,0.00002044,0.00002052,0.00002034,0.00002039,44726193651.00,1643016119999,914073.79549033,1517,21306354316.00,435395.63185976,0
1643016120000,0.00002038,0.00002045,0.00002034,0.00002043,33165629048.00,1643016179999,676495.87978157,1118,14078248559.00,287167.19025654,0
1643016180000,0.00002043,0.00002046,0.00002038,0.00002041,21962156640.00,1643016239999,448537.31990932,576,11324456986.00,231268.46671723,0
1643016240000,0.00002042,0.00002050,0.00002041,0.00002046,43300913241.00,1643016299999,885593.47349407,843,27836039808.00,569291.41566629,0
1643016300000,0.00002046,0.00002048,0.00002039,0.00002042,16764098268.00,1643016359999,342493.47375483,609,7130586681.00,145699.76339608,0
1643016360000,0.00002042,0.00002048,0.00002041,0.00002047,11072339603.00,1643016419999,226472.80285884,529,5909869532.00,120895.59066959,0
1643016420000,0.00002047,0.00002050,0.00002042,0.00002048,13168107450.00,1643016479999,269427.88044026,550,7168678807.00,146723.81979664,0
1643016480000,0.00002047,0.00002063,0.00002047,0.00002056,26918455722.00,1643016539999,553252.39116186,968,15286980662.00,314069.67233653,0
1643016540000,0.00002056,0.00002058,0.00002052,0.00002054,8994066042.00,1643016599999,184829.60249699,389,4810470814.00,98863.42942472,0
1643016600000,0.00002053,0.00002063,0.00002051,0.00002058,10487728912.00,1643016659999,215847.91366768,552,5935199712.00,122168.65993673,0
1643016660000,0.00002058,0.00002061,0.00002055,0.00002058,13801364417.00,1643016719999,284078.10958599,466,7999489822.00,164671.59489056,0
1643016720000,0.00002058,0.00002062,0.00002052,0.00002053,9984694229.00,1643016779999,205379.49559623,410,5221290414.00,107440.82674398,0
1643016780000,0.00002052,0.00002054,0.00002044,0.00002044,12441918285.00,1643016839999,254972.81870965,467,6640084267.00,136111.77442749,0
1643016840000,0.00002045,0.00002049,0.00002038,0.00002042,24178343116.00,1643016899999,494004.87912033,915,9428971428.00,192723.02606277,0
1643016900000,0.00002041,0.00002049,0.00002041,0.00002046,9160755536.00,1643016959999,187391.79157498,378,3305250443.00,67616.75804554,0
1643016960000,0.00002046,0.00002047,0.00002042,0.00002046,11312421188.00,1643017019999,231283.82826253,413,4818011000.00,98532.45141485,0
1643017020000,0.00002046,0.00002050,0.00002041,0.00002042,8958611221.00,1643017079999,183286.10414301,439,3749856515.00,76749.63891482,0
1643017080000,0.00002041,0.00002041,0.00002032,0.00002038,21260347677.00,1643017139999,432974.13146736,615,11314821471.00,230418.58325168,0
1643017140000,0.00002039,0.00002043,0.00002024,0.00002032,33973165766.00,1643017199999,691142.22613015,1071,17811760716.00,362575.12552707,0
1643017200000,0.00002032,0.00002037,0.00002027,0.00002035,16255079368.00,1643017259999,330423.35563207,577,6831974038.00,138898.08568172,0
1643017260000,0.00002034,0.00002035,0.00002025,0.00002031,19253552844.00,1643017319999,390834.87884988,850,8909305066.00,180891.75239116,0
1643017320000,0.00002031,0.00002033,0.00002027,0.00002027,25723282905.00,1643017379999,522275.88067775,798,12562700515.00,255129.59786779,0
1643017380000,0.00002027,0.00002034,0.00002027,0.00002030,13540627627.00,1643017439999,275066.38219271,500,7000378880.00,142240.71092150,0
1643017440000,0.00002030,0.00002039,0.00002028,0.00002035,14175901403.00,1643017499999,288358.04371339,455,9424143660.00,191714.90967578,0
1643017500000,0.00002035,0.00002049,0.00002034,0.00002045,18444844154.00,1643017559999,377065.92335279,601,9652638199.00,197335.74062888,0
1643017560000,0.00002045,0.00002045,0.00002031,0.00002037,20918056964.00,1643017619999,426032.04639512,617,7076188095.00,144124.98729983,0
1643017620000,0.00002037,0.00002038,0.00002027,0.00002031,12490130677.00,1643017679999,253703.15534063,391,7542982776.00,153184.34970658,0
1643017680000,0.00002031,0.00002037,0.00002030,0.00002035,11748504460.00,1643017739999,238970.45525925,328,5610036790.00,114100.62454887,0
1643017740000,0.00002036,0.00002041,0.00002033,0.00002040,12763148235.00,1643017799999,260036.95003085,395,7371150179.00,150242.84076543,0
1643017800000,0.00002039,0.00002046,0.00002039,0.00002043,6287158492.00,1643017859999,128399.08227290,301,3661667823.00,74794.22260569,0
1643017860000,0.00002044,0.00002045,0.00002039,0.00002045,7719447184.00,1643017919999,157597.66956899,339,4653376804.00,95007.10216118,0
1643017920000,0.00002044,0.00002049,0.00002039,0.00002040,16411218230.00,1643017979999,335750.65281779,412,8694316654.00,177964.47604569,0
1643017980000,0.00002041,0.00002042,0.00002037,0.00002040,6796200408.00,1643018039999,138633.78512108,244,4373088968.00,89210.07678656,0
1643018040000,0.00002039,0.00002042,0.00002038,0.00002041,8949691784.00,1643018099999,182642.77086945,324,5207976079.00,106291.09612386,0
1643018100000,0.00002040,0.00002044,0.00002036,0.00002036,9188912768.00,1643018159999,187516.94044494,386,3857181026.00,78711.80131775,0
1643018160000,0.00002036,0.00002039,0.00002035,0.00002037,5545805588.00,1643018219999,112940.70279221,256,1836939424.00,37416.27970238,0
1643018220000,0.00002036,0.00002043,0.00002035,0.00002041,10798909885.00,1643018279999,220240.11723291,383,6780911924.00,138334.54281648,0
1643018280000,0.00002041,0.00002043,0.00002030,0.00002033,32309180322.00,1643018339999,657786.37421718,767,10288072579.00,209284.69788222,0
1643018340000,0.00002032,0.00002037,0.00002030,0.00002036,11840390265.00,1643018399999,240704.00341615,474,6278838160.00,127668.33908354,0
1643018400000,0.00002037,0.00002041,0.00002034,0.00002037,8631391445.00,1643018459999,175903.73417805,441,4386309650.00,89416.71655135,0
1643018460000,0.00002037,0.00002042,0.00002035,0.00002035,8748089334.00,1643018519999,178303.28031177,516,4924164914.00,100378.93523519,0
1643018520000,0.00002035,0.00002037,0.00002029,0.00002029,6955965044.00,1643018579999,141372.05415291,365,2780758341.00,56538.45463214,0
1643018580000,0.00002029,0.00002032,0.00002026,0.00002031,14244689638.00,1643018639999,289129.68679403,344,8444886501.00,171423.21557420,0
1643018640000,0.00002032,0.00002037,0.00002030,0.00002034,7721363004.00,1643018699999,157015.81096954,361,4883546121.00,99323.52363305,0
1643018700000,0.00002034,0.00002041,0.00002031,0.00002032,21050369968.00,1643018759999,428467.45317390,467,7331366129.00,149271.30760065,0
1643018760000,0.00002032,0.00002033,0.00001990,0.00001994,87907720118.00,1643018819999,1764755.06521656,4156,20107227967.00,404008.00031920,0
1643018820000,0.00001995,0.00002006,0.00001990,0.00001992,98982986343.00,1643018879999,1978581.35778076,2645,48126912310.00,962054.97160735,0
1643018880000,0.00001992,0.00002001,0.00001982,0.00001986,87330429697.00,1643018939999,1738289.23669228,2344,38395981125.00,764627.53607500,0
1643018940000,0.00001986,0.00002000,0.00001986,0.00001986,57120953056.00,1643018999999,1139311.19211950,1484,35150177941.00,701426.88427713,0
1643019000000,0.00001987,0.00001999,0.00001985,0.00001999,43335376270.00,1643019059999,863430.97147735,1025,24514799764.00,488460.54667187,0
1643019060000,0.00001998,0.00001998,0.00001989,0.00001991,21265822573.00,1643019119999,423756.54282810,609,8887772456.00,177125.96126648,0
1643019120000,0.00001991,0.00001993,0.00001963,0.00001979,105721530751.00,1643019179999,2088348.94634058,3687,45480997327.00,898301.73145210,0
1643019180000,0.00001979,0.00001988,0.00001952,0.00001970,84728576727.00,1643019239999,1669296.96310862,2749,37829945978.00,745555.47493946,0
1643019240000,0.00001969,0.00001985,0.00001965,0.00001982,86027610249.00,1643019299999,1698889.01478762,2687,49566287347.00,979105.99741395,0
1643019300000,0.00001982,0.00001995,0.00001975,0.00001979,63345221485.00,1643019359999,1257805.63000544,2458,32611071810.00,647837.19886957,0
1643019360000,0.00001979,0.00001981,0.00001969,0.00001975,63760185184.00,1643019419999,1259136.70709574,1897,29285465897.00,578380.04474807,0
1643019420000,0.00001974,0.00001980,0.00001968,0.00001976,44612716878.00,1643019479999,880689.31778120,1235,21869704914.00,431860.67223634,0
1643019480000,0.00001976,0.00001980,0.00001969,0.00001973,31569033792.00,1643019539999,623424.62010694,942,15695820669.00,309961.04463325,0
1643019540000,0.00001974,0.00001982,0.00001966,0.00001971,27166694409.00,1643019599999,536519.26872473,888,14540367744.00,287232.00666450,0
1643019600000,0.00001971,0.00001984,0.00001968,0.00001980,30240961938.00,1643019659999,597863.37410378,1025,15875438614.00,313875.63310840,0
1643019660000,0.00001980,0.00001985,0.00001975,0.00001980,15300320655.00,1643019719999,303025.66195653,562,6565448664.00,130020.50101935,0
1643019720000,0.00001980,0.00001981,0.00001968,0.00001973,63505756528.00,1643019779999,1253937.06994851,1268,17584587650.00,347158.49326449,0
1643019780000,0.00001973,0.00001987,0.00001968,0.00001984,42461896614.00,1643019839999,840453.05816113,1101,25145764080.00,497812.42771086,0
1643019840000,0.00001984,0.00001986,0.00001972,0.00001980,70931211145.00,1643019899999,1403513.93216613,1963,37478691869.00,741598.23296753,0
1643019900000,0.00001980,0.00001981,0.00001972,0.00001977,29363376347.00,1643019959999,580514.70328029,770,13557327122.00,268066.36654220,0
1643019960000,0.00001977,0.00001985,0.00001974,0.00001974,17788609981.00,1643020019999,352223.51299819,571,8517655467.00,168663.64983110,0
1643020020000,0.00001974,0.00001981,0.00001973,0.00001976,20383152950.00,1643020079999,403003.81876044,540,10534192635.00,208250.95058897,0
1643020080000,0.00001975,0.00001979,0.00001968,0.00001969,19799603205.00,1643020139999,390849.73008406,579,7920825993.00,156385.10365672,0
1643020140000,0.00001969,0.00001974,0.00001964,0.00001966,14040193947.00,1643020199999,276533.03262933,499,5161696217.00,101649.83373803,0
1643020200000,0.00001965,0.00001980,0.00001965,0.00001978,22091450973.00,1643020259999,436409.23920646,668,12926573977.00,255296.26907018,0
1643020260000,0.00001978,0.00001980,0.00001975,0.00001977,14903855264.00,1643020319999,294793.77738520,536,8082842727.00,159902.97678426,0
1643020320000,0.00001977,0.00001987,0.00001977,0.00001986,16401692275.00,1643020379999,325247.92095399,606,11214608643.00,222391.88422579,0
1643020380000,0.00001986,0.00001990,0.00001983,0.00001986,18544887187.00,1643020439999,368265.77803152,549,7218562484.00,143376.70919353,0
1643020440000,0.00001986,0.00001986,0.00001976,0.00001979,12486850664.00,1643020499999,247382.74672213,529,7704167484.00,152642.82864921,0
1643020500000,0.00001979,0.00001982,0.00001963,0.00001967,40011868349.00,1643020559999,788546.74080689,1353,18024672752.00,355252.88717273,0
1643020560000,0.00001967,0.00001976,0.00001966,0.00001972,27734086802.00,1643020619999,546563.36394366,701,10995008684.00,216752.91922093,0
1643020620000,0.00001972,0.00001972,0.00001965,0.00001968,10270326140.00,1643020679999,202159.90429379,418,4807397701.00,94643.93462953,0
1643020680000,0.00001968,0.00001970,0.00001961,0.00001966,17444048377.00,1643020739999,342853.89867243,600,8538974831.00,167808.77607225,0
1643020740000,0.00001965,0.00001967,0.00001960,0.00001966,18342744642.00,1643020799999,360346.21141591,611,8089370916.00,158962.46146372,0
1643020800000,0.00001966,0.00001972,0.00001965,0.00001967,25858885077.00,1643020859999,508957.64384935,949,16642140431.00,327587.54617570,0
1643020860000,0.00001968,0.00001975,0.00001968,0.00001972,9201644490.00,1643020919999,181424.02282465,514,5160196514.00,101745.24377368,0
1643020920000,0.00001971,0.00001977,0.00001970,0.00001975,10735847357.00,1643020979999,211851.18095486,466,5451333150.00,107613.69216815,0
1643020980000,0.00001975,0.00001979,0.00001972,0.00001975,10526470796.00,1643021039999,208007.15910095,399,5201496174.00,102790.14929817,0
1643021040000,0.00001975,0.00001975,0.00001971,0.00001972,7282740302.00,1643021099999,143714.84799039,255,4108597287.00,81087.35143849,0
1643021100000,0.00001972,0.00001980,0.00001969,0.00001980,10815756308.00,1643021159999,213637.35663019,411,6457170692.00,127594.14375612,0
1643021160000,0.00001980,0.00001984,0.00001977,0.00001983,11764907491.00,1643021219999,233021.31926283,367,8561686828.00,169608.09145572,0
1643021220000,0.00001984,0.00001989,0.00001981,0.00001982,12567328021.00,1643021279999,249517.04984627,448,6694698331.00,132935.60770260,0
1643021280000,0.00001982,0.00001982,0.00001975,0.00001976,14752487099.00,1643021339999,291821.68916330,397,5558140824.00,109943.89744351,0
1643021340000,0.00001976,0.00001976,0.00001966,0.00001968,8299639791.00,1643021399999,163611.62663415,365,4150334258.00,81804.75074522,0
1643021400000,0.00001970,0.00001970,0.00001948,0.00001955,41057798108.00,1643021459999,803802.92167574,1904,16480286342.00,322862.99167757,0
1643021460000,0.00001954,0.00001968,0.00001945,0.00001966,47505164141.00,1643021519999,928579.50098245,1681,23494275204.00,459358.53084591,0
1643021520000,0.00001967,0.00001974,0.00001961,0.00001968,25646632804.00,1643021579999,504853.96561724,799,11449494953.00,225334.62531946,0
1643021580000,0.00001968,0.00001971,0.00001961,0.00001964,18602184048.00,1643021639999,365644.35940131,538,6425525883.00,126313.69360589,0
1643021640000,0.00001965,0.00001967,0.00001960,0.00001961,12865628972.00,1643021699999,252713.33627285,416,5588694676.00,109777.87736607,0
1643021700000,0.00001960,0.00001969,0.00001960,0.00001966,10875718795.00,1643021759999,213689.93803165,411,5750481041.00,112988.44485143,0
1643021760000,0.00001965,0.00001969,0.00001960,0.00001962,14367474531.00,1643021819999,282291.37914328,468,3307503174.00,65031.84706935,0
1643021820000,0.00001962,0.00001962,0.00001952,0.00001953,19096075121.00,1643021879999,373412.78336265,727,8838211836.00,172853.71424612,0
1643021880000,0.00001953,0.00001961,0.00001943,0.00001944,16427159549.00,1643021939999,320823.04091401,638,7877694810.00,153871.28359858,0
1643021940000,0.00001944,0.00001952,0.00001937,0.00001942,46773297357.00,1643021999999,909170.50401175,1346,23094610766.00,448938.13515322,0
1643022000000,0.00001941,0.00001955,0.00001941,0.00001954,42068404143.00,1643022059999,819681.21780227,1289,24966643946.00,486187.71486636,0
1643022060000,0.00001953,0.00001958,0.00001948,0.00001949,22961048042.00,1643022119999,448123.12731339,782,10426012188.00,203534.64905420,0
1643022120000,0.00001949,0.00001954,0.00001944,0.00001945,18575226513.00,1643022179999,361859.13387954,817,7330719305.00,142865.54796266,0
1643022180000,0.00001944,0.00001945,0.00001931,0.00001934,45023135888.00,1643022239999,871917.06639820,1507,19718890356.00,381912.05148065,0
1643022240000,0.00001933,0.00001940,0.00001931,0.00001931,28793783949.00,1643022299999,557494.40499007,1343,14110889334.00,273218.27844880,0
1643022300000,0.00001930,0.00001946,0.00001928,0.00001935,34930499782.00,1643022359999,676522.80550206,1358,20103595787.00,389470.59178965,0
1643022360000,0.00001935,0.00001941,0.00001932,0.00001939,19073380220.00,1643022419999,369257.91606837,855,7627562788.00,147698.46367540,0
1643022420000,0.00001940,0.00001950,0.00001940,0.00001947,25909025278.00,1643022479999,504306.67508727,1347,16503114687.00,321177.90896143,0
1643022480000,0.00001946,0.00001970,0.00001946,0.00001969,33605618734.00,1643022539999,657574.27423777,1693,23306595690.00,455844.20685768,0
1643022540000,0.00001969,0.00001971,0.00001959,0.00001960,23428939312.00,1643022599999,460061.74719810,863,10025155622.00,196968.36465540,0
1643022600000,0.00001962,0.00001986,0.00001957,0.00001983,54785202117.00,1643022659999,1080204.04205311,2172,32344378476.00,638067.93112128,0
1643022660000,0.00001983,0.00001997,0.00001980,0.00001993,61238994382.00,1643022719999,1217703.76930359,2149,25539720202.00,508061.62730448,0
1643022720000,0.00001993,0.00001994,0.00001982,0.00001991,35299927959.00,1643022779999,701689.03218841,1148,19708014901.00,391843.06443139,0
1643022780000,0.00001991,0.00002013,0.00001989,0.00002010,54537364701.00,1643022839999,1093622.11247460,2226,31880871451.00,639325.89939418,0
1643022840000,0.00002009,0.00002011,0.00001995,0.00002001,85927058088.00,1643022899999,1719133.01570798,1461,57084789336.00,1142007.50505587,0
1643022900000,0.00002001,0.00002005,0.00001992,0.00002000,45112024758.00,1643022959999,901262.77269429,1127,27114221194.00,541590.15364066,0
1643022960000,0.00002000,0.00002015,0.00001993,0.00002014,32420406851.00,1643023019999,649908.14388753,959,20569274007.00,412458.58888088,0
1643023020000,0.00002015,0.00002019,0.00001997,0.00002001,45566436343.00,1643023079999,914096.50488927,1264,22383895864.00,449056.81381686,0
1643023080000,0.00002001,0.00002003,0.00001987,0.00001987,34392331233.00,1643023139999,686340.68351335,1103,14865428643.00,296729.38202962,0
1643023140000,0.00001988,0.00001993,0.00001980,0.00001983,24657692031.00,1643023199999,489463.08908074,772,10274594474.00,204054.26075730,0
1643023200000,0.00001983,0.00001985,0.00001977,0.00001981,11704186490.00,1643023259999,231844.89107515,501,5789167727.00,114693.56374040,0
1643023260000,0.00001980,0.00001984,0.00001974,0.00001977,22071051407.00,1643023319999,436636.51296662,660,7290010256.00,144293.71854878,0
1643023320000,0.00001977,0.00001988,0.00001975,0.00001988,13473567341.00,1643023379999,266747.27449169,503,7181117656.00,142191.95212170,0
1643023380000,0.00001989,0.00001989,0.00001977,0.00001978,11289095019.00,1643023439999,223873.37442863,432,5614490573.00,111383.44904870,0
1643023440000,0.00001978,0.00001983,0.00001975,0.00001981,13169280079.00,1643023499999,260651.57989195,470,7122954180.00,140995.64950422,0
1643023500000,0.00001982,0.00001985,0.00001978,0.00001981,8171227976.00,1643023559999,161913.84600428,296,3655376582.00,72443.16224189,0
1643023560000,0.00001981,0.00001981,0.00001971,0.00001972,12736200994.00,1643023619999,251547.63330314,536,4109339090.00,81200.11939610,0
1643023620000,0.00001973,0.00001979,0.00001969,0.00001978,14741206529.00,1643023679999,290783.14936701,537,8212862866.00,161978.46799051,0
1643023680000,0.00001977,0.00001983,0.00001974,0.00001976,10570270489.00,1643023739999,209155.97091656,394,4708434329.00,93188.50269719,0
1643023740000,0.00001976,0.00001976,0.00001972,0.00001975,8809192370.00,1643023799999,173893.86400759,341,4143253072.00,81810.90117783,0
1643023800000,0.00001975,0.00001979,0.00001968,0.00001968,16793886892.00,1643023859999,331534.83005544,565,9657289607.00,190675.41506409,0
1643023860000,0.00001968,0.00001976,0.00001962,0.00001975,18227377087.00,1643023919999,358790.94682510,703,7433638616.00,146417.01444163,0
1643023920000,0.00001975,0.00001982,0.00001974,0.00001976,9265713693.00,1643023979999,183221.54787088,399,4203693070.00,83141.96824233,0
1643023980000,0.00001976,0.00001977,0.00001973,0.00001976,6338660566.00,1643024039999,125212.38212693,270,4056683408.00,80150.68644996,0
1643024040000,0.00001975,0.00001976,0.00001961,0.00001963,13278582059.00,1643024099999,261216.72277931,526,6194152871.00,121822.66765621,0
1643024100000,0.00001962,0.00001966,0.00001961,0.00001963,7856580906.00,1643024159999,154248.14215760,314,4401535538.00,86421.80940499,0
1643024160000,0.00001963,0.00001966,0.00001954,0.00001961,37955680621.00,1643024219999,744048.56746722,960,14504547524.00,284345.30698845,0
1643024220000,0.00001960,0.00001964,0.00001957,0.00001958,13768435051.00,1643024279999,269960.95509741,456,6107258093.00,119754.30513834,0
1643024280000,0.00001958,0.00001966,0.00001958,0.00001965,14063027305.00,1643024339999,276116.05988265,441,7026129637.00,137940.83859355,0
1643024340000,0.00001964,0.00001967,0.00001964,0.00001966,9535785696.00,1643024399999,187396.64025319,339,4906528977.00,96441.61710255,0
1643024400000,0.00001966,0.00001968,0.00001960,0.00001961,8328247670.00,1643024459999,163627.06419436,347,3213389233.00,63139.21598017,0
1643024460000,0.00001962,0.00001974,0.00001961,0.00001972,15929484893.00,1643024519999,313340.51767550,539,6907468733.00,135993.89522041,0
1643024520000,0.00001971,0.00001971,0.00001963,0.00001963,11740593468.00,1643024579999,230961.45115281,421,4415606451.00,86893.56742638,0
1643024580000,0.00001964,0.00001966,0.00001960,0.00001963,6424182896.00,1643024639999,126095.01576786,265,4787871176.00,93981.68173420,0
1643024640000,0.00001962,0.00001967,0.00001960,0.00001965,10323374984.00,1643024699999,202776.11460854,341,5434891152.00,106761.38066909,0
1643024700000,0.00001965,0.00001970,0.00001965,0.00001969,7114609626.00,1643024759999,140030.52828234,312,2634070119.00,51859.10451044,0
1643024760000,0.00001968,0.00001969,0.00001964,0.00001969,7667086048.00,1643024819999,150777.75398280,334,3365011906.00,66184.18962073,0
1643024820000,0.00001968,0.00001976,0.00001967,0.00001975,12673289905.00,1643024879999,250076.15756844,394,7882691462.00,155588.73387432,0
1643024880000,0.00001975,0.00001976,0.00001970,0.00001972,12265117667.00,1643024939999,241999.50248391,378,5657774718.00,111653.93880179,0
1643024940000,0.00001972,0.00001972,0.00001964,0.00001966,15347634771.00,1643024999999,301845.80674651,481,6447312035.00,126806.64308778,0
1643025000000,0.00001967,0.00001971,0.00001964,0.00001965,10303292314.00,1643025059999,202687.28993984,388,6292912615.00,123816.35226362,0
1643025060000,0.00001965,0.00001966,0.00001957,0.00001957,13157261176.00,1643025119999,257909.81405294,551,4485138962.00,87934.28436430,0
1643025120000,0.00001958,0.00001960,0.00001954,0.00001956,9707517213.00,1643025179999,189936.91030929,449,5726121604.00,112049.26767707,0
1643025180000,0.00001957,0.00001957,0.00001950,0.00001952,11968390017.00,1643025239999,233687.76134652,438,5052612065.00,98671.85575609,0
1643025240000,0.00001952,0.00001952,0.00001947,0.00001949,10987619672.00,1643025299999,214168.83426479,514,4998329235.00,97433.45102941,0
1643025300000,0.00001949,0.00001953,0.00001945,0.00001946,11906335580.00,1643025359999,232152.06494586,398,3384003792.00,65983.91418744,0
1643025360000,0.00001947,0.00001949,0.00001939,0.00001943,13699123580.00,1643025419999,266240.45151622,669,6232477512.00,121166.16646343,0
1643025420000,0.00001943,0.00001946,0.00001937,0.00001937,12356141955.00,1643025479999,239930.47023568,465,6024021645.00,116981.50001502,0
1643025480000,0.00001938,0.00001945,0.00001937,0.00001943,9021060204.00,1643025539999,175200.08065380,437,4793594723.00,93085.81356743,0
1643025540000,0.00001944,0.00001948,0.00001941,0.00001947,9624370557.00,1643025599999,187143.22597510,393,4157053987.00,80871.34747654,0
1643025600000,0.00001946,0.00001948,0.00001939,0.00001940,14395976383.00,1643025659999,279768.41862975,437,5232620677.00,101714.05824946,0
1643025660000,0.00001939,0.00001941,0.00001926,0.00001932,31150968501.00,1643025719999,601641.16000403,1239,16762748452.00,323737.81359524,0
1643025720000,0.00001933,0.00001946,0.00001931,0.00001942,15592896552.00,1643025779999,302360.61523422,490,8863868587.00,171855.24429692,0
1643025780000,0.00001942,0.00001950,0.00001941,0.00001945,18473103720.00,1643025839999,359406.26622239,559,11426979221.00,222297.92621543,0
1643025840000,0.00001946,0.00001950,0.00001941,0.00001950,9909214959.00,1643025899999,192647.09273696,374,4181101958.00,81300.36066258,0
1643025900000,0.00001950,0.00001953,0.00001946,0.00001952,11008956309.00,1643025959999,214561.99084717,406,6852933288.00,133603.17141203,0
1643025960000,0.00001953,0.00001958,0.00001950,0.00001955,11599395620.00,1643026019999,226668.09378353,469,6159061704.00,120382.51512049,0
1643026020000,0.00001955,0.00001956,0.00001951,0.00001952,8834511823.00,1643026079999,172537.98367356,382,4543535695.00,88753.33993252,0
1643026080000,0.00001951,0.00001952,0.00001946,0.00001947,9298028939.00,1643026139999,181157.45731202,398,3292331943.00,64169.09759202,0
1643026140000,0.00001946,0.00001951,0.00001945,0.00001950,7270264731.00,1643026199999,141637.12208310,306,3175018154.00,61876.92871450,0
1643026200000,0.00001950,0.00001966,0.00001950,0.00001962,12189900126.00,1643026259999,238876.02168526,523,8896530457.00,174322.27736529,0
1643026260000,0.00001962,0.00001963,0.00001958,0.00001958,7852725373.00,1643026319999,153912.45510269,311,3245270193.00,63621.30118933,0
1643026320000,0.00001959,0.00001960,0.00001954,0.00001954,7079734720.00,1643026379999,138513.39280801,374,2636144253.00,51581.58909566,0
1643026380000,0.00001954,0.00001956,0.00001949,0.00001949,9015805992.00,1643026439999,175972.16358488,387,2837185222.00,55383.52485188,0
1643026440000,0.00001950,0.00001950,0.00001945,0.00001945,6617849373.00,1643026499999,128906.77606107,359,2005278104.00,39069.50396611,0
1643026500000,0.00001945,0.00001952,0.00001943,0.00001944,21526943935.00,1643026559999,419307.26905077,508,11267531328.00,219579.62543144,0
1643026560000,0.00001943,0.00001944,0.00001940,0.00001941,7236798194.00,1643026619999,140520.32425135,374,2702129652.00,52480.48859475,0
1643026620000,0.00001941,0.00001942,0.00001937,0.00001940,8130603174.00,1643026679999,157705.58548526,343,3674955829.00,71298.38100941,0
1643026680000,0.00001939,0.00001947,0.00001939,0.00001942,7907205950.00,1643026739999,153635.34163920,353,4373311872.00,84987.78646174,0
1643026740000,0.00001942,0.00001943,0.00001934,0.00001936,10421805781.00,1643026799999,201871.78404287,510,4663242841.00,90332.15973595,0
1643026800000,0.00001936,0.00001938,0.00001929,0.00001932,11448637140.00,1643026859999,221229.73533935,527,3918671427.00,75758.87043507,0
1643026860000,0.00001932,0.00001932,0.00001919,0.00001924,29518304667.00,1643026919999,568439.16267042,1425,12402291758.00,238944.81254484,0
1643026920000,0.00001924,0.00001932,0.00001918,0.00001930,19034490789.00,1643026979999,366145.62249052,888,10835626439.00,208463.80688503,0
1643026980000,0.00001930,0.00001935,0.00001923,0.00001927,9514915957.00,1643027039999,183443.22852676,400,2822552319.00,54449.67079477,0
1643027040000,0.00001927,0.00001935,0.00001922,0.00001934,12510438186.00,1643027099999,241300.60013769,474,7690336219.00,148356.72167368,0
1643027100000,0.00001933,0.00001934,0.00001927,0.00001928,6916848949.00,1643027159999,133483.95574449,299,2328879169.00,44964.43683340,0
1643027160000,0.00001928,0.00001933,0.00001927,0.00001930,10465470821.00,1643027219999,202058.29221402,395,5834002099.00,112657.68010240,0
1643027220000,0.00001930,0.00001931,0.00001922,0.00001926,16284427554.00,1643027279999,313533.27710938,501,5699866286.00,109761.61787999,0
1643027280000,0.00001926,0.00001935,0.00001926,0.00001934,7726078239.00,1643027339999,149182.56950129,322,4437991100.00,85705.73261573,0
1643027340000,0.00001934,0.00001938,0.00001931,0.00001937,5865920993.00,1643027399999,113437.02175029,350,2678262491.00,51793.64715881,0
1643027400000,0.00001937,0.00001937,0.00001931,0.00001931,5364228109.00,1643027459999,103713.83426794,249,1577552129.00,30512.02302305,0
1643027460000,0.00001931,0.00001947,0.00001928,0.00001946,18689745147.00,1643027519999,362252.27580132,620,11584864115.00,224637.07886145,0
1643027520000,0.00001946,0.00001947,0.00001936,0.00001937,15251370564.00,1643027579999,296164.71576944,496,6671055137.00,129577.52851840,0
1643027580000,0.00001937,0.00001937,0.00001931,0.00001933,10354272707.00,1643027639999,200260.37140950,391,4877738066.00,94356.80774983,0
1643027640000,0.00001933,0.00001934,0.00001923,0.00001926,14229568210.00,1643027699999,274298.65625357,642,5671181804.00,109328.01522130,0
1643027700000,0.00001928,0.00001934,0.00001924,0.00001928,28109890489.00,1643027759999,542209.93118937,762,17830414840.00,344013.69887234,0
1643027760000,0.00001928,0.00001929,0.00001915,0.00001924,32986930258.00,1643027819999,633952.58328610,1009,12998665973.00,249848.53200932,0
1643027820000,0.00001924,0.00001928,0.00001921,0.00001924,18890245163.00,1643027879999,363570.59079467,485,9757145271.00,187846.42701331,0
1643027880000,0.00001923,0.00001928,0.00001922,0.00001925,11181673043.00,1643027939999,215344.40572808,353,3690809226.00,71099.32999366,0
1643027940000,0.00001925,0.00001929,0.00001922,0.00001925,11641128779.00,1643027999999,224065.07527982,437,4586949130.00,88304.71951125,0
1643028000000,0.00001925,0.00001925,0.00001907,0.00001918,55313729247.00,1643028059999,1058178.74228103,1723,17485901421.00,334674.70518381,0
1643028060000,0.00001918,0.00001918,0.00001911,0.00001914,12603009678.00,1643028119999,241222.10625960,462,4700714958.00,89982.67996184,0
1643028120000,0.00001913,0.00001914,0.00001904,0.00001906,25007775943.00,1643028179999,477050.34726636,770,13737507753.00,262154.19169949,0
1643028180000,0.00001905,0.00001907,0.00001900,0.00001902,43920392348.00,1643028239999,835572.83790664,1713,12069232284.00,229747.09316597,0
1643028240000,0.00001902,0.00001905,0.00001894,0.00001903,29631111085.00,1643028299999,563034.53379652,1197,14004282562.00,266108.83664413,0
1643028300000,0.00001903,0.00001910,0.00001900,0.00001907,31545924062.00,1643028359999,601072.38268690,920,14236112588.00,271378.06522449,0
1643028360000,0.00001906,0.00001906,0.00001890,0.00001891,24942347581.00,1643028419999,473534.86568695,875,10560952077.00,200566.43705441,0
1643028420000,0.00001891,0.00001892,0.00001878,0.00001886,62153001141.00,1643028479999,1171662.29607601,2280,25931780934.00,488894.20058241,0
1643028480000,0.00001886,0.00001897,0.00001882,0.00001891,28814616696.00,1643028539999,544647.16325021,922,15092905819.00,285336.27141347,0
1643028540000,0.00001892,0.00001893,0.00001885,0.00001893,11272461002.00,1643028599999,213110.15323180,432,5003159261.00,94589.87409869,0
1643028600000,0.00001893,0.00001904,0.00001888,0.00001904,16162724634.00,1643028659999,306447.75092902,536,9864362446.00,187175.08907649,0
1643028660000,0.00001903,0.00001912,0.00001897,0.00001906,26353357481.00,1643028719999,501554.64884933,639,9222021667.00,175694.16332107,0
1643028720000,0.00001906,0.00001908,0.00001901,0.00001901,11991422710.00,1643028779999,228445.88960804,443,5297675633.00,100958.40926820,0
1643028780000,0.00001902,0.00001904,0.00001896,0.00001896,13749871213.00,1643028839999,261312.02129898,534,5196524573.00,98775.32108517,0
1643028840000,0.00001896,0.00001913,0.00001895,0.00001911,20026701262.00,1643028899999,381468.58880133,619,12476798210.00,237652.24019318,0
1643028900000,0.00001911,0.00001924,0.00001910,0.00001921,27368375769.00,1643028959999,525145.67890265,992,15081397489.00,289346.72420553,0
1643028960000,0.00001921,0.00001930,0.00001911,0.00001913,28816081958.00,1643029019999,553536.79190497,972,15129225723.00,290881.51461357,0
1643029020000,0.00001914,0.00001916,0.00001906,0.00001911,19004059265.00,1643029079999,363162.52781250,646,10363983538.00,198100.84347648,0
1643029080000,0.00001911,0.00001913,0.00001901,0.00001905,20071822631.00,1643029139999,382536.89846698,646,9188577865.00,175180.81463768,0
1643029140000,0.00001905,0.00001906,0.00001889,0.00001896,42476586156.00,1643029199999,805453.40558441,1317,16174902988.00,306731.68260125,0
1643029200000,0.00001895,0.00001908,0.00001882,0.00001906,65955425311.00,1643029259999,1248261.99793147,2041,31451442790.00,595592.65430201,0
1643029260000,0.00001907,0.00001928,0.00001904,0.00001908,80860203501.00,1643029319999,1548901.89194586,2696,35909804523.00,687887.36841632,0
1643029320000,0.00001909,0.00001924,0.00001895,0.00001915,77009419095.00,1643029379999,1469774.47857137,2621,39620274517.00,756313.34484303,0
1643029380000,0.00001915,0.00001918,0.00001886,0.00001899,85387246087.00,1643029439999,1623520.35633250,2989,36131463945.00,687130.20610085,0
1643029440000,0.00001899,0.00001908,0.00001887,0.00001888,43567684593.00,1643029499999,827116.42907036,1256,20573523981.00,390563.32047268,0
1643029500000,0.00001888,0.00001903,0.00001888,0.00001894,34258720208.00,1643029559999,649088.04390963,1037,19743868685.00,373954.39874850,0
1643029560000,0.00001895,0.00001901,0.00001892,0.00001896,24860061015.00,1643029619999,471650.12622125,613,11101752040.00,210554.70519544,0
1643029620000,0.00001896,0.00001901,0.00001893,0.00001897,20257115136.00,1643029679999,384458.09406346,609,8626947214.00,163716.28643580,0
1643029680000,0.00001896,0.00001903,0.00001895,0.00001903,13484542520.00,1643029739999,256068.05740305,408,7425490257.00,141035.03875380,0
1643029740000,0.00001902,0.00001950,0.00001902,0.00001930,111905981342.00,1643029799999,2160887.62839051,3862,73537196910.00,1419343.20524229,0
1643029800000,0.00001930,0.00001939,0.00001925,0.00001925,37598738883.00,1643029859999,726144.08451718,1135,16908868015.00,326692.46031948,0
1643029860000,0.00001926,0.00001932,0.00001915,0.00001919,20935898413.00,1643029919999,402899.98255106,755,10721378451.00,206358.34137649,0
1643029920000,0.00001920,0.00001926,0.00001917,0.00001918,23165048063.00,1643029979999,445178.91994872,656,11766108061.00,226142.53717638,0
1643029980000,0.00001918,0.00001926,0.00001917,0.00001918,12085629944.00,1643030039999,232184.11244337,431,6022235232.00,115706.67792097,0
1643030040000,0.00001918,0.00001921,0.00001913,0.00001915,18977087823.00,1643030099999,363726.05492260,579,11706537545.00,224368.55426992,0
1643030100000,0.00001915,0.00001927,0.00001912,0.00001923,22890745238.00,1643030159999,439711.90987761,675,11924349000.00,229025.96674337,0
1643030160000,0.00001922,0.00001926,0.00001918,0.00001919,16731449145.00,1643030219999,321453.17323720,547,6001511084.00,115359.69490487,0
1643030220000,0.00001919,0.00001920,0.00001911,0.00001913,24795279032.00,1643030279999,474981.21109610,784,12697428800.00,243284.67671019,0
1643030280000,0.00001914,0.00001918,0.00001911,0.00001914,12624085535.00,1643030339999,241666.01916461,430,5982524845.00,114529.85320373,0
1643030340000,0.00001913,0.00001919,0.00001911,0.00001917,15894328901.00,1643030399999,304391.14198714,509,9389783097.00,179837.59903064,0
1643030400000,0.00001917,0.00001920,0.00001909,0.00001914,14238211996.00,1643030459999,272513.49187862,620,5913091931.00,113201.95953303,0
1643030460000,0.00001915,0.00001923,0.00001914,0.00001918,11799065558.00,1643030519999,226391.72014243,412,5625729123.00,107953.72300792,0
1643030520000,0.00001919,0.00001924,0.00001919,0.00001924,10625107571.00,1643030579999,204212.02150258,502,5678790713.00,109170.63605931,0
1643030580000,0.00001924,0.00001932,0.00001921,0.00001928,16494440101.00,1643030639999,317839.66346785,688,8205203413.00,158128.42527873,0
1643030640000,0.00001927,0.00001928,0.00001921,0.00001923,15301678665.00,1643030699999,294500.74570821,484,6157837122.00,118526.49520793,0
1643030700000,0.00001922,0.00001923,0.00001917,0.00001921,13827390310.00,1643030759999,265526.37531455,455,6874841797.00,132044.20282300,0
1643030760000,0.00001921,0.00001930,0.00001920,0.00001928,9079822282.00,1643030819999,174796.53031768,391,4441708383.00,85522.70500523,0
1643030820000,0.00001927,0.00001929,0.00001921,0.00001923,9617196563.00,1643030879999,185166.51195528,412,4407439351.00,84858.64911294,0
1643030880000,0.00001922,0.00001926,0.00001920,0.00001925,10841334211.00,1643030939999,208459.73943148,454,5534124310.00,106422.60536929,0
1643030940000,0.00001924,0.00001925,0.00001920,0.00001921,8175964921.00,1643030999999,157075.52444575,382,3350910745.00,64387.46008818,0
1643031000000,0.00001921,0.00001930,0.00001917,0.00001927,13711881004.00,1643031059999,263849.73053506,509,6215711797.00,119641.98438431,0
1643031060000,0.00001928,0.00001936,0.00001925,0.00001931,14082189472.00,1643031119999,271909.62109293,611,9964562254.00,192467.49249188,0
1643031120000,0.00001932,0.00001940,0.00001931,0.00001939,6824516532.00,1643031179999,132090.45865302,369,4579000600.00,88635.76863274,0
1643031180000,0.00001938,0.00001938,0.00001926,0.00001929,25639482801.00,1643031239999,495525.13401349,946,10930067014.00,211355.02232885,0
1643031240000,0.00001930,0.00001930,0.00001916,0.00001918,22302493060.00,1643031299999,428374.74487374,925,8283524513.00,159132.51985868,0
1643031300000,0.00001918,0.00001920,0.00001912,0.00001917,15652189126.00,1643031359999,299977.89075744,766,4693263399.00,89947.86667827,0
1643031360000,0.00001917,0.00001918,0.00001912,0.00001916,10934306531.00,1643031419999,209366.46801851,465,5565081274.00,106591.90126398,0
1643031420000,0.00001916,0.00001918,0.00001903,0.00001910,23674784710.00,1643031479999,451968.91594711,961,10985529581.00,209728.06174947,0
1643031480000,0.00001911,0.00001915,0.00001907,0.00001910,13083521198.00,1643031539999,249972.54726919,393,5473747554.00,104606.94103371,0
1643031540000,0.00001910,0.00001914,0.00001906,0.00001912,14113769209.00,1643031599999,269539.64416375,557,5788197364.00,110561.97809318,0
1643031600000,0.00001913,0.00001913,0.00001901,0.00001906,25374753377.00,1643031659999,483331.76227681,930,12177873163.00,231995.81928790,0
1643031660000,0.00001905,0.00001907,0.00001903,0.00001907,7052895102.00,1643031719999,134363.73632953,395,2964806677.00,56493.37502529,0
1643031720000,0.00001907,0.00001910,0.00001904,0.00001908,11959840849.00,1643031779999,228240.07770918,423,5876113766.00,112154.26464843,0
1643031780000,0.00001908,0.00001912,0.00001906,0.00001908,9601264241.00,1643031839999,183265.49183645,416,3886931746.00,74201.62955817,0
1643031840000,0.00001909,0.00001911,0.00001904,0.00001906,10765929597.00,1643031899999,205345.82487207,383,5371263152.00,102459.29402537,0
1643031900000,0.00001906,0.00001915,0.00001905,0.00001912,7043038133.00,1643031959999,134574.61286010,302,4091395724.00,78171.91949437,0
1643031960000,0.00001913,0.00001913,0.00001907,0.00001910,6824124683.00,1643032019999,130280.07236002,330,3324502711.00,63477.94619184,0
1643032020000,0.00001909,0.00001917,0.00001908,0.00001915,9756355347.00,1643032079999,186650.51461421,411,5154609502.00,98622.15659874,0
1643032080000,0.00001915,0.00001919,0.00001913,0.00001915,9188259201.00,1643032139999,176060.70672729,338,5147205533.00,98651.49667702,0
1643032140000,0.00001916,0.00001916,0.00001909,0.00001911,8088255372.00,1643032199999,154646.67317341,377,3905196995.00,74688.42660566,0
1643032200000,0.00001910,0.00001913,0.00001905,0.00001907,8529673134.00,1643032259999,162785.46074330,462,4044094276.00,77203.71103621,0
1643032260000,0.00001908,0.00001910,0.00001905,0.00001907,9862579544.00,1643032319999,188139.80458491,365,4424115674.00,84421.44794021,0
1643032320000,0.00001907,0.00001915,0.00001906,0.00001915,9326221214.00,1643032379999,178226.11331856,344,4916365687.00,93964.95040281,0
1643032380000,0.00001915,0.00001918,0.00001912,0.00001914,11310118960.00,1643032439999,216516.85964866,411,5032323760.00,96342.31738017,0
1643032440000,0.00001914,0.00001917,0.00001912,0.00001913,9192008054.00,1643032499999,175944.95957929,290,4844063014.00,92730.79090786,0
1643032500000,0.00001913,0.00001916,0.00001906,0.00001907,7597825421.00,1643032559999,145171.04219607,363,3287023799.00,62784.87285391,0
1643032560000,0.00001908,0.00001908,0.00001901,0.00001904,13443750610.00,1643032619999,256061.84333602,542,6616989022.00,126031.72063843,0
1643032620000,0.00001903,0.00001909,0.00001902,0.00001908,12222329842.00,1643032679999,232736.42691537,412,5449365967.00,103810.09098892,0
1643032680000,0.00001908,0.00001917,0.00001905,0.00001914,22064680020.00,1643032739999,422065.41478371,583,11938899932.00,228323.96062164,0
1643032740000,0.00001914,0.00001914,0.00001893,0.00001900,35689237244.00,1643032799999,678534.58196371,1152,12914257171.00,245592.78519297,0
1643032800000,0.00001900,0.00001904,0.00001894,0.00001897,35729247833.00,1643032859999,678607.35311408,979,17870506078.00,339484.40174617,0
1643032860000,0.00001897,0.00001902,0.00001892,0.00001900,20476316762.00,1643032919999,388309.56888062,691,9942142590.00,188571.32627157,0
1643032920000,0.00001899,0.00001902,0.00001896,0.00001897,12281213704.00,1643032979999,233125.30582258,423,5236653004.00,99413.21026476,0
1643032980000,0.00001896,0.00001905,0.00001895,0.00001899,16294611325.00,1643033039999,309370.16128756,456,10234442682.00,194310.32455004,0
1643033040000,0.00001899,0.00001900,0.00001894,0.00001897,9677242009.00,1643033099999,183549.41810865,394,4183557787.00,79357.60456978,0
1643033100000,0.00001897,0.00001899,0.00001893,0.00001894,11566567121.00,1643033159999,219276.03105399,418,4809479879.00,91215.50523375,0
1643033160000,0.00001893,0.00001897,0.00001873,0.00001876,64510199496.00,1643033219999,1213685.98781713,1813,27177631762.00,511266.77529676,0
1643033220000,0.00001876,0.00001878,0.00001865,0.00001875,51695785291.00,1643033279999,967858.71214691,1757,21664841216.00,405778.42389144,0
1643033280000,0.00001875,0.00001877,0.00001870,0.00001872,14195542627.00,1643033339999,265912.85630075,570,6838017808.00,128123.75298899,0
1643033340000,0.00001871,0.00001883,0.00001870,0.00001878,20923475155.00,1643033399999,392976.21334333,646,13809495277.00,259439.15347472,0
1643033400000,0.00001878,0.00001884,0.00001875,0.00001880,16362006090.00,1643033459999,307579.83447124,555,9410642819.00,176955.99044289,0
1643033460000,0.00001880,0.00001885,0.00001878,0.00001881,20765979111.00,1643033519999,390950.58465212,587,10995537185.00,207072.08876603,0
1643033520000,0.00001880,0.00001887,0.00001879,0.00001886,9762740989.00,1643033579999,183915.05795957,381,4441111721.00,83682.49424313,0
1643033580000,0.00001885,0.00001886,0.00001879,0.00001881,13732992240.00,1643033639999,258566.06556267,503,5195997111.00,97854.38038115,0
1643033640000,0.00001881,0.00001898,0.00001881,0.00001897,31859660729.00,1643033699999,602772.26188200,941,18120167296.00,342750.38505460,0
1643033700000,0.00001897,0.00001910,0.00001893,0.00001905,36663497850.00,1643033759999,697959.00385210,1202,18821404921.00,358344.16542040,0
1643033760000,0.00001904,0.00001916,0.00001904,0.00001904,26079889987.00,1643033819999,497905.02905583,957,12456875746.00,237862.66216936,0
1643033820000,0.00001904,0.00001908,0.00001898,0.00001902,13632871631.00,1643033879999,259281.96852103,517,6568554282.00,124974.73519891,0
1643033880000,0.00001901,0.00001904,0.00001895,0.00001901,16814779311.00,1643033939999,319416.44096636,536,9989369994.00,189804.44997516,0
1643033940000,0.00001901,0.00001905,0.00001899,0.00001899,6457926183.00,1643033999999,122782.07657711,283,3146517403.00,59818.74255018,0
1643034000000,0.00001898,0.00001901,0.00001892,0.00001895,16879621408.00,1643034059999,320102.99815099,543,4665424050.00,88533.62556623,0
1643034060000,0.00001895,0.00001898,0.00001893,0.00001897,6473161326.00,1643034119999,122694.02202054,313,1889879503.00,35827.66109619,0
1643034120000,0.00001897,0.00001906,0.00001897,0.00001902,13503009184.00,1643034179999,256889.35778682,513,7609163252.00,144775.77555901,0
1643034180000,0.00001901,0.00001905,0.00001900,0.00001903,8551616914.00,1643034239999,162682.47943143,432,4457805232.00,84820.54824656,0
1643034240000,0.00001903,0.00001906,0.00001899,0.00001905,9732909486.00,1643034299999,185137.94125498,486,3935773492.00,74910.91851224,0
1643034300000,0.00001905,0.00001908,0.00001901,0.00001906,13530806557.00,1643034359999,257871.53911228,506,5825450556.00,111036.41467962,0
1643034360000,0.00001906,0.00001914,0.00001905,0.00001912,15617591170.00,1643034419999,298328.23187172,548,8932970623.00,170648.78664747,0
1643034420000,0.00001911,0.00001919,0.00001911,0.00001916,15883252008.00,1643034479999,304282.01233555,614,8923330384.00,170991.92561654,0
1643034480000,0.00001916,0.00001926,0.00001914,0.00001925,16537394424.00,1643034539999,317160.76415944,555,12449425222.00,238809.61173694,0
1643034540000,0.00001925,0.00001928,0.00001919,0.00001922,21454292798.00,1643034599999,412748.32502565,870,14245028180.00,274118.88681855,0
1643034600000,0.00001922,0.00001923,0.00001907,0.00001916,25238842849.00,1643034659999,482682.76478241,768,9091239698.00,173874.76081975,0
1643034660000,0.00001916,0.00001929,0.00001912,0.00001928,28540540880.00,1643034719999,547983.76207539,765,13384233839.00,257088.88940295,0
1643034720000,0.00001928,0.00001949,0.00001928,0.00001942,67933339480.00,1643034779999,1318074.18486971,2048,45653831494.00,886263.05961841,0
1643034780000,0.00001942,0.00001944,0.00001933,0.00001938,24503707963.00,1643034839999,474932.84939060,755,12592220979.00,244112.06904976,0
1643034840000,0.00001939,0.00001939,0.00001927,0.00001931,24783936930.00,1643034899999,478776.40094584,696,11680412818.00,225671.18233807,0
1643034900000,0.00001931,0.00001940,0.00001929,0.00001931,19432517349.00,1643034959999,376163.76604260,617,10630755432.00,205790.77613193,0
1643034960000,0.00001931,0.00001938,0.00001927,0.00001936,41298723078.00,1643035019999,798158.25243417,833,16992788715.00,328539.37645559,0
1643035020000,0.00001937,0.00001939,0.00001930,0.00001930,26981905090.00,1643035079999,522228.50661426,601,9798740746.00,189645.11367473,0
1643035080000,0.00001931,0.00001945,0.00001928,0.00001945,23506872508.00,1643035139999,455609.02614946,643,12384705338.00,240082.37009183,0
1643035140000,0.00001945,0.00001985,0.00001943,0.00001975,81695997923.00,1643035199999,1603888.98795106,3675,54277820847.00,1065192.56341742,0
1643035200000,0.00001974,0.00001980,0.00001969,0.00001972,34839639176.00,1643035259999,687810.22099225,1172,19068440046.00,376489.27577641,0
1643035260000,0.00001972,0.00001976,0.00001962,0.00001973,34434212222.00,1643035319999,677963.99718093,1159,16096280049.00,317080.48283477,0
1643035320000,0.00001973,0.00001976,0.00001959,0.00001959,18401989872.00,1643035379999,362124.32510237,859,8726980303.00,171793.51384892,0
1643035380000,0.00001960,0.00001964,0.00001946,0.00001947,23670406065.00,1643035439999,462913.06705034,747,12023873277.00,235217.65131854,0
1643035440000,0.00001947,0.00001954,0.00001941,0.00001945,23272622415.00,1643035499999,452973.44015348,794,11333700137.00,220623.21368736,0
1643035500000,0.00001944,0.00001945,0.00001935,0.00001937,17861235012.00,1643035559999,346381.78723751,688,8722034314.00,169179.82060029,0
1643035560000,0.00001937,0.00001954,0.00001937,0.00001948,18603155545.00,1643035619999,361973.91512701,663,11381204449.00,221474.12110203,0
1643035620000,0.00001948,0.00001951,0.00001942,0.00001947,17578429038.00,1643035679999,342249.52138894,435,6629751078.00,129032.11056390,0
1643035680000,0.00001948,0.00001948,0.00001940,0.00001942,21913732085.00,1643035739999,425992.55143257,497,7477562196.00,145337.39555993,0
1643035740000,0.00001942,0.00001947,0.00001940,0.00001943,11519090528.00,1643035799999,223907.86843090,479,6994143279.00,135956.01972839,0
1643035800000,0.00001942,0.00001944,0.00001932,0.00001933,15021821715.00,1643035859999,290950.47285265,804,3683249508.00,71330.64678256,0
1643035860000,0.00001934,0.00001935,0.00001922,0.00001931,21862742362.00,1643035919999,421530.39064778,1140,11242108698.00,216786.26741147,0
1643035920000,0.00001932,0.00001934,0.00001924,0.00001926,15669252694.00,1643035979999,302192.01821255,539,6332991421.00,122175.64282875,0
1643035980000,0.00001927,0.00001934,0.00001926,0.00001932,14274954668.00,1643036039999,275568.12129811,647,9799684307.00,189198.59308870,0
1643036040000,0.00001931,0.00001947,0.00001930,0.00001935,39754816875.00,1643036099999,771029.45274295,1418,25598187905.00,496444.13654924,0
1643036100000,0.00001934,0.00001946,0.00001928,0.00001943,28133939763.00,1643036159999,545652.97902635,861,11011719104.00,213513.20933067,0
1643036160000,0.00001944,0.00001949,0.00001938,0.00001940,12715215378.00,1643036219999,247048.90391738,640,6743757116.00,131057.76310689,0
1643036220000,0.00001940,0.00001941,0.00001934,0.00001939,10294715626.00,1643036279999,199526.97668777,651,5084611315.00,98561.48694467,0
1643036280000,0.00001939,0.00001947,0.00001938,0.00001941,10812067197.00,1643036339999,209982.95742687,561,4527699515.00,87942.41081119,0
1643036340000,0.00001940,0.00001955,0.00001937,0.00001944,22670251684.00,1643036399999,441447.70724510,1028,14461830158.00,281624.58476085,0
1643036400000,0.00001944,0.00001966,0.00001941,0.00001955,39932774585.00,1643036459999,780892.45976982,1258,21889078546.00,427958.69427732,0
1643036460000,0.00001954,0.00001957,0.00001948,0.00001951,16519548840.00,1643036519999,322535.05572935,896,7905709078.00,154390.11334601,0
1643036520000,0.00001951,0.00001951,0.00001944,0.00001947,9124293507.00,1643036579999,177709.72187754,597,3952384495.00,76986.57391937,0
1643036580000,0.00001947,0.00001948,0.00001929,0.00001935,67005419603.00,1643036639999,1297296.22294526,1448,37718074625.00,730104.23925322,0
1643036640000,0.00001935,0.00001938,0.00001930,0.00001932,17582173090.00,1643036699999,340068.35785833,553,10219057602.00,197699.54721698,0
1643036700000,0.00001933,0.00001937,0.00001927,0.00001937,16029686608.00,1643036759999,309700.38517497,580,9018373721.00,174295.58096064,0
1643036760000,0.00001936,0.00001940,0.00001932,0.00001939,10412416297.00,1643036819999,201562.90961988,510,6059317469.00,117310.60753281,0
1643036820000,0.00001938,0.00001939,0.00001934,0.00001937,6396096141.00,1643036879999,123882.80449603,278,3339248546.00,64673.12277427,0
1643036880000,0.00001937,0.00001938,0.00001932,0.00001934,6238489064.00,1643036939999,120690.50275258,348,3504526916.00,67815.80757902,0
1643036940000,0.00001934,0.00001937,0.00001924,0.00001928,10811956050.00,1643036999999,208713.98986853,569,4178549117.00,80676.26125496,0
1643037000000,0.00001927,0.00001927,0.00001903,0.00001907,50381115908.00,1643037059999,964298.86709213,1989,13306929347.00,254786.66450218,0
1643037060000,0.00001905,0.00001917,0.00001903,0.00001911,53227238734.00,1643037119999,1015254.08618851,1204,30783079903.00,587126.21713205,0
1643037120000,0.00001911,0.00001922,0.00001907,0.00001909,22131886305.00,1643037179999,423796.37999683,578,9920934606.00,190053.88567091,0
1643037180000,0.00001909,0.00001915,0.00001907,0.00001912,13146492740.00,1643037239999,251221.57391085,416,6666577446.00,127403.02503750,0
1643037240000,0.00001912,0.00001921,0.00001909,0.00001914,21166807619.00,1643037299999,405450.25395087,615,14106087900.00,270193.42413901,0
1643037300000,0.00001913,0.00001918,0.00001907,0.00001911,15192782181.00,1643037359999,290445.03618324,513,6553538966.00,125304.40794069,0
1643037360000,0.00001910,0.00001923,0.00001909,0.00001920,24430039575.00,1643037419999,468188.91792416,525,9393552029.00,180010.11683531,0
1643037420000,0.00001919,0.00001926,0.00001919,0.00001921,23150657478.00,1643037479999,445308.53151947,500,8447449436.00,162457.74866821,0
1643037480000,0.00001921,0.00001924,0.00001917,0.00001923,5162033008.00,1643037539999,99134.83870001,283,2578433136.00,49534.26818751,0
1643037540000,0.00001921,0.00001923,0.00001916,0.00001919,6923769265.00,1643037599999,132855.93171320,294,3314193311.00,63602.90162024,0
1643037600000,0.00001919,0.00001925,0.00001917,0.00001924,7750511043.00,1643037659999,148931.07921810,335,4019858817.00,77247.91204398,0
1643037660000,0.00001923,0.00001929,0.00001920,0.00001924,9334053371.00,1643037719999,179687.97565102,323,5536751018.00,106615.85554410,0
1643037720000,0.00001924,0.00001933,0.00001922,0.00001931,18599831290.00,1643037779999,358504.62740678,608,12933201417.00,249330.34522349,0
1643037780000,0.00001931,0.00001938,0.00001930,0.00001937,9497179608.00,1643037839999,183639.88649997,577,4259417568.00,82380.47397578,0
1643037840000,0.00001937,0.00001941,0.00001930,0.00001941,10489860235.00,1643037899999,203021.90544001,517,6195391629.00,119970.42848900,0
1643037900000,0.00001941,0.00001971,0.00001938,0.00001963,95156187421.00,1643037959999,1860624.03148534,2510,66295293144.00,1296634.91172115,0
1643037960000,0.00001963,0.00001964,0.00001950,0.00001953,28712214065.00,1643038019999,561153.18230881,865,12716576733.00,248559.60671159,0
1643038020000,0.00001951,0.00001977,0.00001950,0.00001972,57527942666.00,1643038079999,1130896.22479141,1493,26660709408.00,524968.34330294,0
1643038080000,0.00001972,0.00001975,0.00001963,0.00001963,14602521048.00,1643038139999,287530.08270029,538,5667334785.00,111641.39733215,0
1643038140000,0.00001963,0.00001965,0.00001955,0.00001957,13293890348.00,1643038199999,260647.22157177,509,5271713189.00,103389.56784342,0
1643038200000,0.00001957,0.00001965,0.00001955,0.00001961,14684172959.00,1643038259999,287826.23845087,459,8134109712.00,159430.50467549,0
1643038260000,0.00001960,0.00001966,0.00001957,0.00001959,14373150059.00,1643038319999,281877.68015768,452,6890634693.00,135182.54410420,0
1643038320000,0.00001960,0.00001972,0.00001958,0.00001966,19222537732.00,1643038379999,377927.99490135,603,10518197904.00,206851.23863546,0
1643038380000,0.00001967,0.00002002,0.00001965,0.00001993,120565430276.00,1643038439999,2401102.22752272,3019,72316783193.00,1439656.22172279,0
1643038440000,0.00001992,0.00002002,0.00001988,0.00001997,37969364282.00,1643038499999,758071.67472029,1140,23197305166.00,463217.15313930,0
1643038500000,0.00001997,0.00001997,0.00001981,0.00001988,32645196867.00,1643038559999,649178.99087587,1085,10482890173.00,208331.96708428,0
1643038560000,0.00001988,0.00001999,0.00001987,0.00001990,20970634221.00,1643038619999,417928.55460990,923,10949693137.00,218250.96809870,0
1643038620000,0.00001991,0.00001996,0.00001985,0.00001993,19493484179.00,1643038679999,387952.32536803,775,8448031004.00,168211.50457659,0
1643038680000,0.00001993,0.00001993,0.00001979,0.00001981,27216565247.00,1643038739999,540250.82993693,1025,12333742506.00,244951.82398581,0
1643038740000,0.00001982,0.00001985,0.00001976,0.00001980,13711338459.00,1643038799999,271633.35697908,536,6803856027.00,134821.24964823,0
1643038800000,0.00001980,0.00001981,0.00001971,0.00001973,11005893783.00,1643038859999,217519.20178373,545,4435007457.00,87673.37240906,0
1643038860000,0.00001974,0.00001979,0.00001971,0.00001978,12833293447.00,1643038919999,253465.67052430,495,8263475440.00,163249.06286046,0
1643038920000,0.00001978,0.00001984,0.00001976,0.00001982,13269829046.00,1643038979999,262739.94644049,483,7617107591.00,150823.28580315,0
1643038980000,0.00001982,0.00001986,0.00001979,0.00001984,6271007061.00,1643039039999,124255.41298521,342,2578448353.00,51099.83379245,0
1643039040000,0.00001984,0.00001995,0.00001982,0.00001993,15731108900.00,1643039099999,313017.16231801,569,8867795527.00,176511.15268371,0
1643039100000,0.00001993,0.00001993,0.00001981,0.00001983,20009265590.00,1643039159999,397507.04447600,774,10306760232.00,204798.71687267,0
1643039160000,0.00001982,0.00001986,0.00001979,0.00001980,18719344076.00,1643039219999,371149.52434975,714,6447131284.00,127879.15928022,0
1643039220000,0.00001981,0.00001981,0.00001973,0.00001974,11455499223.00,1643039279999,226504.73149686,516,3812882734.00,75403.45918527,0
1643039280000,0.00001974,0.00001977,0.00001966,0.00001969,10124902475.00,1643039339999,199626.57877773,464,3137926683.00,61877.04242021,0
1643039340000,0.00001969,0.00001974,0.00001967,0.00001971,9913764536.00,1643039399999,195342.99167398,371,5350675426.00,105459.84032623,0
1643039400000,0.00001971,0.00001975,0.00001967,0.00001970,14525549578.00,1643039459999,286264.11671737,382,7919242514.00,156078.88047517,0
1643039460000,0.00001971,0.00001972,0.00001962,0.00001967,12017199314.00,1643039519999,236331.69521525,509,4891953054.00,96202.98721127,0
1643039520000,0.00001968,0.00001975,0.00001964,0.00001973,7802835253.00,1643039579999,153633.75921721,335,4733766917.00,93218.13971384,0
1643039580000,0.00001972,0.00001981,0.00001970,0.00001978,9879099926.00,1643039639999,195066.16303748,421,6172441487.00,121886.87566175,0
1643039640000,0.00001979,0.00001992,0.00001977,0.00001991,15426437778.00,1643039699999,306009.00759559,564,7205336556.00,143032.17156308,0
1643039700000,0.00001992,0.00001996,0.00001983,0.00001989,24882599921.00,1643039759999,494818.46060943,647,10421040394.00,207337.70586554,0
1643039760000,0.00001988,0.00001989,0.00001981,0.00001986,16050730384.00,1643039819999,318442.73339194,433,6379387791.00,126577.39426701,0
1643039820000,0.00001986,0.00001995,0.00001984,0.00001989,11875902521.00,1643039879999,236322.58687637,385,5373955983.00,106931.10122273,0
1643039880000,0.00001988,0.00001992,0.00001981,0.00001982,9444236122.00,1643039939999,187707.22483843,422,4110741353.00,81739.33194872,0
1643039940000,0.00001982,0.00001985,0.00001979,0.00001985,8942291209.00,1643039999999,177187.32879816,351,4514329019.00,89473.14415437,0
1643040000000,0.00001984,0.00001985,0.00001969,0.00001970,15561307666.00,1643040059999,307463.12649819,595,5775983198.00,114220.90215670,0
1643040060000,0.00001971,0.00001974,0.00001968,0.00001971,10511865519.00,1643040119999,207133.30000751,392,4405454598.00,86835.89994641,0
1643040120000,0.00001972,0.00001984,0.00001972,0.00001982,16424726023.00,1643040179999,325056.79299106,494,9979776170.00,197460.72929731,0
1643040180000,0.00001981,0.00001986,0.00001975,0.00001976,10189983313.00,1643040239999,201789.67663712,392,4508582705.00,89285.59376296,0
1643040240000,0.00001975,0.00001979,0.00001974,0.00001978,6480039391.00,1643040299999,128075.77912422,277,3923137961.00,77552.99130426,0
1643040300000,0.00001978,0.00001978,0.00001970,0.00001972,7927994503.00,1643040359999,156373.07736007,302,4052894855.00,79940.75213262,0
1643040360000,0.00001973,0.00001978,0.00001970,0.00001973,7684390842.00,1643040419999,151692.49857396,300,3352975463.00,66205.28614277,0
1643040420000,0.00001973,0.00001976,0.00001963,0.00001969,20528492604.00,1643040479999,404219.58768792,554,10919172183.00,215117.01905146,0
1643040480000,0.00001969,0.00001976,0.00001965,0.00001974,12975091197.00,1643040539999,255459.77845631,386,6523495641.00,128524.21886363,0
1643040540000,0.00001975,0.00001976,0.00001968,0.00001972,14615690201.00,1643040599999,288308.13602719,374,9251582987.00,182545.68016839,0
1643040600000,0.00001971,0.00001975,0.00001962,0.00001963,14410722172.00,1643040659999,283719.95257002,443,5313698617.00,104612.04482684,0
1643040660000,0.00001963,0.00001972,0.00001963,0.00001969,7591807644.00,1643040719999,149444.89902482,335,2545048072.00,50096.29524376,0
1643040720000,0.00001969,0.00001979,0.00001965,0.00001976,12818219201.00,1643040779999,252807.26712028,428,7288215633.00,143744.37256546,0
1643040780000,0.00001975,0.00001977,0.00001971,0.00001976,6658590196.00,1643040839999,131431.28825843,256,3629768812.00,71648.14741587,0
1643040840000,0.00001977,0.00001977,0.00001970,0.00001974,7095767495.00,1643040899999,140056.65220140,316,2263258481.00,44674.91645073,0
1643040900000,0.00001975,0.00001976,0.00001971,0.00001976,9607509915.00,1643040959999,189598.64633961,291,5317690766.00,104959.55654643,0
1643040960000,0.00001975,0.00001990,0.00001974,0.00001989,30466853038.00,1643041019999,604153.70527830,792,12688616970.00,251592.79791539,0
1643041020000,0.00001989,0.00002002,0.00001988,0.00001993,51168019695.00,1643041079999,1021883.00791825,1202,27194910490.00,542887.71707857,0
1643041080000,0.00001993,0.00001998,0.00001988,0.00001995,13878988103.00,1643041139999,276781.19601488,503,7111930308.00,141830.67931851,0
1643041140000,0.00001995,0.00001995,0.00001975,0.00001976,25167571181.00,1643041199999,498835.11091109,735,10981554003.00,217592.24854413,0
1643041200000,0.00001977,0.00001985,0.00001975,0.00001982,14631108842.00,1643041259999,289511.59127950,483,7656887260.00,151507.73492428,0
1643041260000,0.00001981,0.00001993,0.00001976,0.00001988,24591149821.00,1643041319999,488121.22315504,666,18222636455.00,361738.26796605,0
1643041320000,0.00001988,0.00001994,0.00001985,0.00001986,16168520834.00,1643041379999,321695.14662580,425,6546762331.00,130287.33185956,0
1643041380000,0.00001986,0.00001988,0.00001980,0.00001985,11214839308.00,1643041439999,222554.21588242,375,6399630782.00,127009.89492782,0
1643041440000,0.00001984,0.00001989,0.00001983,0.00001987,6338186399.00,1643041499999,125902.42528029,268,4238153913.00,84196.42348317,0
1643041500000,0.00001988,0.00001988,0.00001981,0.00001983,6431823359.00,1643041559999,127665.18535781,289,2875457534.00,57068.51671317,0
1643041560000,0.00001983,0.00001989,0.00001981,0.00001987,7080683625.00,1643041619999,140567.13620589,280,5069726378.00,100661.45724554,0
1643041620000,0.00001987,0.00001993,0.00001984,0.00001991,12564350565.00,1643041679999,249900.75923602,364,6699081620.00,133280.15514382,0
1643041680000,0.00001992,0.00001997,0.00001990,0.00001991,12785036272.00,1643041739999,254885.79945352,423,8629895494.00,172059.69972016,0
1643041740000,0.00001991,0.00001997,0.00001986,0.00001996,10921953195.00,1643041799999,217561.06728170,379,5982633354.00,119176.23641258,0
1643041800000,0.00001996,0.00002027,0.00001990,0.00002014,76510943376.00,1643041859999,1540020.61716624,2816,53234797233.00,1071320.00793620,0
1643041860000,0.00002013,0.00002014,0.00001996,0.00001997,25685362560.00,1643041919999,514370.54618852,757,12676011029.00,253912.62028185,0
1643041920000,0.00001997,0.00001997,0.00001988,0.00001990,25689419865.00,1643041979999,511738.30549402,685,16568391881.00,330096.12440707,0
1643041980000,0.00001990,0.00001990,0.00001981,0.00001985,9148306337.00,1643042039999,181744.36787405,411,5072637612.00,100805.03669793,0
1643042040000,0.00001985,0.00001986,0.00001982,0.00001982,5243967751.00,1643042099999,104059.26350093,272,3700167296.00,73434.61942229,0
1643042100000,0.00001983,0.00001985,0.00001980,0.00001983,5995868495.00,1643042159999,118897.40021553,276,2779458774.00,55123.09663817,0
1643042160000,0.00001982,0.00001982,0.00001977,0.00001979,9459504461.00,1643042219999,187246.90302481,435,4204884259.00,83244.92645059,0
1643042220000,0.00001980,0.00001983,0.00001970,0.00001973,18767365353.00,1643042279999,370697.36909481,682,7640442650.00,150963.11954148,0
1643042280000,0.00001973,0.00001976,0.00001970,0.00001972,13119513767.00,1643042339999,258728.35042665,392,7060261469.00,139254.84662123,0
1643042340000,0.00001972,0.00001975,0.00001968,0.00001973,13758004222.00,1643042399999,271187.91333003,394,7128658650.00,140529.84487891,0
1643042400000,0.00001972,0.00001973,0.00001968,0.00001970,9991102790.00,1643042459999,196865.02038179,309,5489815541.00,108186.90246408,0
1643042460000,0.00001969,0.00001971,0.00001966,0.00001971,8809270257.00,1643042519999,173456.30015547,317,4943809196.00,97352.72148640,0
1643042520000,0.00001971,0.00001972,0.00001966,0.00001967,3121946298.00,1643042579999,61457.93878891,194,1126126084.00,22166.58543743,0
1643042580000,0.00001968,0.00001971,0.00001960,0.00001963,20257912835.00,1643042639999,397939.29368839,655,6608376960.00,129857.34001357,0
1643042640000,0.00001963,0.00001966,0.00001957,0.00001966,11232825674.00,1643042699999,220382.58551854,454,6893849532.00,135299.42144631,0
1643042700000,0.00001966,0.00001969,0.00001962,0.00001962,8167605339.00,1643042759999,160548.80565046,371,3422862148.00,67295.32065428,0
1643042760000,0.00001963,0.00001963,0.00001944,0.00001948,37451432171.00,1643042819999,730667.65885971,1169,14818619043.00,289159.92733132,0
1643042820000,0.00001949,0.00001952,0.00001943,0.00001946,15747332017.00,1643042879999,306842.59608760,465,6783004370.00,132178.17039885,0
1643042880000,0.00001945,0.00001947,0.00001935,0.00001936,22223360520.00,1643042939999,431454.28047048,705,8085956688.00,156953.69265878,0
1643042940000,0.00001936,0.00001944,0.00001935,0.00001937,17626734730.00,1643042999999,341689.49783869,564,7231726438.00,140234.03717867,0
1643043000000,0.00001937,0.00001945,0.00001934,0.00001943,16726620836.00,1643043059999,324660.04427009,498,7478948625.00,145182.83630419,0
1643043060000,0.00001943,0.00001951,0.00001941,0.00001944,16959340550.00,1643043119999,330167.33936251,416,10225179034.00,199188.11976249,0
1643043120000,0.00001944,0.00001948,0.00001939,0.00001946,18400193102.00,1643043179999,357720.49647151,477,4887503271.00,95026.03478166,0
1643043180000,0.00001947,0.00001957,0.00001944,0.00001948,17126633084.00,1643043239999,333967.49918362,481,7076380179.00,138049.18933592,0
1643043240000,0.00001948,0.00001954,0.00001943,0.00001953,18455635989.00,1643043299999,359794.21994312,479,8147688647.00,158874.44871421,0
1643043300000,0.00001952,0.00001959,0.00001952,0.00001956,19643842667.00,1643043359999,384176.13883140,574,7924901258.00,155016.86339134,0
1643043360000,0.00001955,0.00001960,0.00001954,0.00001957,15933181752.00,1643043419999,311833.06144613,459,6260895299.00,122559.37020253,0
1643043420000,0.00001956,0.00001958,0.00001948,0.00001953,12778899361.00,1643043479999,249523.03608931,408,4844906340.00,94575.46337457,0
1643043480000,0.00001953,0.00001955,0.00001947,0.00001951,18063710360.00,1643043539999,352235.96984601,469,5673050237.00,110634.75162140,0
1643043540000,0.00001951,0.00001956,0.00001950,0.00001955,19181837879.00,1643043599999,374755.56207332,470,9759014095.00,190698.74427982,0
1643043600000,0.00001955,0.00001955,0.00001949,0.00001954,10157230947.00,1643043659999,198280.77244997,291,5840636718.00,114014.18830235,0
1643043660000,0.00001954,0.00001956,0.00001949,0.00001949,9363086643.00,1643043719999,182798.98230181,325,3705589761.00,72371.07851775,0
1643043720000,0.00001948,0.00001950,0.00001945,0.00001947,16629852382.00,1643043779999,323864.97434524,389,5240702595.00,102090.86919468,0
1643043780000,0.00001947,0.00001949,0.00001945,0.00001948,12722163453.00,1643043839999,247606.11062887,371,4884166857.00,95080.89535942,0
1643043840000,0.00001947,0.00001953,0.00001944,0.00001953,10670140356.00,1643043899999,207880.91906201,371,5365706447.00,104523.75728652,0
1643043900000,0.00001952,0.00001954,0.00001941,0.00001946,23958280468.00,1643043959999,466373.08443379,539,7764681109.00,151118.00907981,0
1643043960000,0.00001945,0.00001948,0.00001941,0.00001946,13987730635.00,1643044019999,271897.09942957,383,6259241447.00,121690.77389710,0
1643044020000,0.00001947,0.00001951,0.00001944,0.00001945,16293788111.00,1643044079999,317384.40406808,354,8990469185.00,175180.94668325,0
1643044080000,0.00001945,0.00001949,0.00001940,0.00001942,14763605660.00,1643044139999,287033.44549826,429,5618206369.00,109221.82601059,0
1643044140000,0.00001941,0.00001942,0.00001937,0.00001941,22836191506.00,1643044199999,442941.01444494,490,7520804590.00,145882.51709890,0
1643044200000,0.00001941,0.00001943,0.00001936,0.00001936,11353831334.00,1643044259999,220228.45760100,298,4767147205.00,92467.66970375,0
1643044260000,0.00001937,0.00001937,0.00001930,0.00001934,13591112991.00,1643044319999,262788.33495951,479,5265116667.00,101805.46180816,0
1643044320000,0.00001933,0.00001937,0.00001924,0.00001927,26741158702.00,1643044379999,516066.17521953,688,9322721315.00,179869.68006660,0
1643044380000,0.00001926,0.00001928,0.00001918,0.00001920,28043225860.00,1643044439999,539000.17872085,667,7110416440.00,136700.36797729,0
1643044440000,0.00001920,0.00001930,0.00001918,0.00001927,15187907936.00,1643044499999,292054.04926186,476,7556674200.00,145376.71787838,0
1643044500000,0.00001927,0.00001927,0.00001918,0.00001920,19192428329.00,1643044559999,368682.81445992,467,5410989633.00,103959.34798827,0
1643044560000,0.00001921,0.00001922,0.00001917,0.00001918,25742761396.00,1643044619999,494170.25268205,488,11217789925.00,215446.84523444,0
1643044620000,0.00001918,0.00001919,0.00001911,0.00001912,26758376781.00,1643044679999,512389.07257747,745,9122474995.00,174700.43168780,0
1643044680000,0.00001912,0.00001921,0.00001911,0.00001918,28752189101.00,1643044739999,551419.42665184,594,12162771099.00,233308.98830176,0
1643044740000,0.00001918,0.00001924,0.00001914,0.00001924,10075086590.00,1643044799999,193236.49561708,349,5636041945.00,108138.94766942,0
1643044800000,0.00001925,0.00001925,0.00001921,0.00001923,21692636490.00,1643044859999,416969.65181676,457,8118639124.00,156086.14206931,0
1643044860000,0.00001923,0.00001938,0.00001921,0.00001935,25390033369.00,1643044919999,489756.69841111,689,13194780249.00,254625.50532122,0
1643044920000,0.00001935,0.00001949,0.00001934,0.00001942,26202976233.00,1643044979999,509593.60649849,706,15744376028.00,306243.50912891,0
1643044980000,0.00001942,0.00001942,0.00001936,0.00001937,17315494212.00,1643045039999,335690.21360850,509,5992439837.00,116193.00756910,0
1643045040000,0.00001937,0.00001940,0.00001935,0.00001939,12585150231.00,1643045099999,243815.50371232,433,4508471826.00,87364.73315609,0
1643045100000,0.00001939,0.00001939,0.00001928,0.00001932,16418878922.00,1643045159999,317421.18818591,468,7735259384.00,149588.74368909,0
1643045160000,0.00001931,0.00001933,0.00001928,0.00001931,15242851421.00,1643045219999,294132.91787719,446,5150065098.00,99395.14665844,0
1643045220000,0.00001930,0.00001937,0.00001929,0.00001935,14409602940.00,1643045279999,278449.15834441,444,6588748136.00,127378.59226056,0
1643045280000,0.00001936,0.00001945,0.00001933,0.00001942,23335652193.00,1643045339999,452685.29306693,582,11497781453.00,223155.98472923,0
1643045340000,0.00001942,0.00001943,0.00001935,0.00001937,17096547002.00,1643045399999,331286.41708472,489,5635390056.00,109248.11230191,0
1643045400000,0.00001938,0.00001943,0.00001935,0.00001937,10179049569.00,1643045459999,197399.75000450,309,5374253241.00,104259.21855100,0
1643045460000,0.00001937,0.00001944,0.00001932,0.00001944,20361447455.00,1643045519999,394240.24499178,521,8029588365.00,155560.46471244,0
1643045520000,0.00001944,0.00001950,0.00001940,0.00001948,34178539460.00,1643045579999,664447.25653166,707,14942902028.00,290619.83925850,0
1643045580000,0.00001947,0.00001957,0.00001947,0.00001956,13695198362.00,1643045639999,267417.43262491,535,7393536044.00,144411.56606096,0
1643045640000,0.00001955,0.00001971,0.00001952,0.00001969,20645835706.00,1643045699999,404778.87650513,718,10157080284.00,199162.19808364,0
1643045700000,0.00001969,0.00001972,0.00001959,0.00001962,45419272692.00,1643045759999,891754.75600993,760,15621159551.00,306785.48521494,0
1643045760000,0.00001962,0.00001970,0.00001961,0.00001967,7746275975.00,1643045819999,152335.59439322,308,5004586634.00,98429.61370974,0
1643045820000,0.00001967,0.00001968,0.00001962,0.00001964,6985527806.00,1643045879999,137211.69146808,280,3117352647.00,61242.50073373,0
1643045880000,0.00001963,0.00001972,0.00001963,0.00001970,8691307699.00,1643045939999,171030.35471905,255,5315818519.00,104637.28022404,0
1643045940000,0.00001970,0.00002000,0.00001965,0.00001986,74900595900.00,1643045999999,1486100.46354316,2068,54314105236.00,1078256.18836539,0
1643046000000,0.00001986,0.00001987,0.00001976,0.00001980,15220147266.00,1643046059999,301323.38262293,569,8363270982.00,165567.99580256,0
1643046060000,0.00001980,0.00001989,0.00001979,0.00001982,22698005245.00,1643046119999,450065.80116694,582,9876881771.00,195874.23157419,0
1643046120000,0.00001982,0.00002012,0.00001980,0.00002003,48454706745.00,1643046179999,968796.75655414,1453,30079219847.00,601505.48707712,0
1643046180000,0.00002003,0.00002011,0.00001988,0.00001995,39114793414.00,1643046239999,781751.15871212,1182,20164975084.00,403242.14341813,0
1643046240000,0.00001995,0.00002000,0.00001993,0.00001996,14176912016.00,1643046299999,283024.80708370,441,8491214667.00,169521.25636601,0
1643046300000,0.00001996,0.00001999,0.00001991,0.00001995,24142722337.00,1643046359999,481395.74582793,572,11782726025.00,234939.95712905,0
1643046360000,0.00001995,0.00002006,0.00001995,0.00002001,27936964821.00,1643046419999,559064.53412263,596,20216333682.00,404493.80602215,0
1643046420000,0.00002002,0.00002014,0.00002001,0.00002011,11148485088.00,1643046479999,223710.05861959,427,5820889822.00,116792.89039351,0
1643046480000,0.00002012,0.00002036,0.00002009,0.00002028,42956381803.00,1643046539999,869033.31043183,1688,24858012180.00,502836.55167474,0
1643046540000,0.00002028,0.00002046,0.00002020,0.00002045,71917092405.00,1643046599999,1462625.58209017,1631,54362384633.00,1106058.29741973,0
1643046600000,0.00002046,0.00002046,0.00002021,0.00002025,57139564730.00,1643046659999,1160918.22535298,1397,22478418218.00,456775.67402188,0
1643046660000,0.00002026,0.00002031,0.00002015,0.00002018,22876122286.00,1643046719999,462957.39442104,781,10596794519.00,214494.75610372,0
1643046720000,0.00002018,0.00002020,0.00002008,0.00002020,21909989928.00,1643046779999,441429.00156131,766,12215469346.00,246138.34613276,0
1643046780000,0.00002019,0.00002022,0.00002012,0.00002022,24984532076.00,1643046839999,503934.47454994,592,13311521872.00,268530.47085281,0
1643046840000,0.00002023,0.00002098,0.00002022,0.00002096,91202548391.00,1643046899999,1877054.03365583,3491,60314756155.00,1241753.25073761,0
1643046900000,0.00002094,0.00002099,0.00002065,0.00002070,65010838604.00,1643046959999,1351962.00660183,2616,32485456213.00,675411.46643132,0
1643046960000,0.00002069,0.00002071,0.00002060,0.00002066,28939513587.00,1643047019999,597451.45397600,845,13953365621.00,288134.75131275,0
1643047020000,0.00002066,0.00002067,0.00002047,0.00002049,20048826677.00,1643047079999,412390.15371207,657,10176498271.00,209399.05012339,0
1643047080000,0.00002049,0.00002049,0.00002042,0.00002043,14194323124.00,1643047139999,290334.09030508,692,6389615424.00,130721.45485389,0
1643047140000,0.00002043,0.00002044,0.00002033,0.00002038,20104694219.00,1643047199999,409761.73166899,710,10556534264.00,215115.57422327,0
1643047200000,0.00002037,0.00002049,0.00002034,0.00002046,16854335616.00,1643047259999,344004.37164210,566,11153847921.00,227747.42935008,0
1643047260000,0.00002047,0.00002047,0.00002019,0.00002027,37899631962.00,1643047319999,769303.39003589,1401,14929475782.00,303189.72458725,0
1643047320000,0.00002028,0.00002028,0.00002020,0.00002025,15128523832.00,1643047379999,306281.01702388,498,6257831660.00,126703.61323050,0
1643047380000,0.00002024,0.00002025,0.00002012,0.00002020,13470531671.00,1643047439999,271878.04654618,575,7118081156.00,143637.73595321,0
1643047440000,0.00002021,0.00002023,0.00002012,0.00002019,28900879120.00,1643047499999,583312.88381299,870,19822650770.00,400154.83100933,0
1643047500000,0.00002018,0.00002019,0.00002009,0.00002017,18322769709.00,1643047559999,368977.63523846,545,6156508549.00,124040.17948223,0
1643047560000,0.00002017,0.00002032,0.00002015,0.00002031,13612653874.00,1643047619999,275360.93377349,543,8568455547.00,173380.05102662,0
1643047620000,0.00002030,0.00002040,0.00002029,0.00002035,14005268682.00,1643047679999,285117.06367353,507,9327818554.00,189903.81714779,0
1643047680000,0.00002035,0.00002059,0.00002034,0.00002056,41281916354.00,1643047739999,846054.05187306,1319,21932027713.00,449613.35843946,0
1643047740000,0.00002057,0.00002097,0.00002052,0.00002080,119597214618.00,1643047799999,2481995.00652601,3507,65778060022.00,1365316.06613098,0
1643047800000,0.00002079,0.00002086,0.00002061,0.00002066,40994501205.00,1643047859999,851217.15683362,1094,21563265813.00,447834.73276386,0
1643047860000,0.00002067,0.00002069,0.00002060,0.00002064,28969423863.00,1643047919999,597898.31426745,718,21312605680.00,439878.01176950,0
1643047920000,0.00002064,0.00002076,0.00002062,0.00002075,18702938076.00,1643047979999,386615.04059555,729,11762773495.00,243202.89893050,0
1643047980000,0.00002074,0.00002090,0.00002073,0.00002076,36198923264.00,1643048039999,753558.87003504,1137,18773400677.00,390958.09080280,0
1643048040000,0.00002076,0.00002085,0.00002073,0.00002080,12055730990.00,1643048099999,250727.26139957,497,6334610650.00,131749.87219278,0
1643048100000,0.00002080,0.00002093,0.00002080,0.00002082,37611729401.00,1643048159999,785440.56522263,896,9007511546.00,188061.43221761,0
1643048160000,0.00002082,0.00002137,0.00002075,0.00002122,91802191020.00,1643048219999,1939269.79550081,4433,55065427397.00,1162693.05955733,0
1643048220000,0.00002121,0.00002134,0.00002114,0.00002115,38730539808.00,1643048279999,822856.25400390,1242,27021319928.00,574093.05592617,0
1643048280000,0.00002114,0.00002124,0.00002107,0.00002117,35338618851.00,1643048339999,747498.75053697,1158,18267090252.00,386488.93456229,0
1643048340000,0.00002119,0.00002137,0.00002119,0.00002131,34230280741.00,1643048399999,729139.83836141,1103,20877780466.00,444728.51622124,0
1643048400000,0.00002131,0.00002133,0.00002100,0.00002107,31651239818.00,1643048459999,669044.69929831,1251,12715935254.00,268875.24943990,0
1643048460000,0.00002108,0.00002112,0.00002093,0.00002099,43489967604.00,1643048519999,914707.73317019,1052,19643217945.00,412767.99683312,0
1643048520000,0.00002100,0.00002105,0.00002085,0.00002090,46743909673.00,1643048579999,979689.05330188,1140,27618214626.00,579205.04896792,0
1643048580000,0.00002090,0.00002091,0.00002077,0.00002087,22863538573.00,1643048639999,476454.98903002,1009,10278614102.00,214173.77356896,0
1643048640000,0.00002086,0.00002089,0.00002072,0.00002080,22468180891.00,1643048699999,467703.18043214,746,10396948313.00,216518.33017149,0
1643048700000,0.00002080,0.00002087,0.00002072,0.00002081,26630624466.00,1643048759999,553859.51356780,869,13958147286.00,290377.69550399,0
1643048760000,0.00002081,0.00002086,0.00002067,0.00002072,21014650427.00,1643048819999,436217.99844685,800,8789835786.00,182647.96183915,0
1643048820000,0.00002071,0.00002073,0.00002066,0.00002073,12035341407.00,1643048879999,249207.48241575,511,5969113387.00,123607.39650523,0
1643048880000,0.00002073,0.00002083,0.00002070,0.00002078,18731759365.00,1643048939999,388814.21676732,625,8682665287.00,180274.20271462,0
1643048940000,0.00002076,0.00002081,0.00002072,0.00002073,12208708982.00,1643048999999,253639.40408398,401,5406235561.00,112305.29344424,0
1643049000000,0.00002072,0.00002095,0.00002069,0.00002091,18568730488.00,1643049059999,386820.69321929,724,10153257234.00,211703.42392238,0
1643049060000,0.00002091,0.00002092,0.00002078,0.00002081,13264438297.00,1643049119999,276544.87150147,518,6932557604.00,144565.71911178,0
1643049120000,0.00002081,0.00002086,0.00002073,0.00002085,14385980675.00,1643049179999,299079.12399436,473,9160244230.00,190452.73222274,0
1643049180000,0.00002086,0.00002098,0.00002085,0.00002090,19552039468.00,1643049239999,409250.24112548,633,11091494231.00,232235.79947715,0
1643049240000,0.00002090,0.00002093,0.00002080,0.00002091,10827844706.00,1643049299999,226074.33133132,402,6557464721.00,136885.92026175,0
1643049300000,0.00002090,0.00002090,0.00002079,0.00002079,9682673511.00,1643049359999,201775.00352920,354,4091500239.00,85265.10469050,0
1643049360000,0.00002080,0.00002083,0.00002075,0.00002081,12718137860.00,1643049419999,264356.97636740,428,8101695474.00,168391.38505411,0
1643049420000,0.00002082,0.00002082,0.00002075,0.00002080,10103504774.00,1643049479999,209968.06788688,342,5070952208.00,105399.66370433,0
1643049480000,0.00002081,0.00002083,0.00002078,0.00002082,10303553819.00,1643049539999,214364.44526520,327,5544257615.00,115344.96600198,0
1643049540000,0.00002082,0.00002087,0.00002080,0.00002082,8731715873.00,1643049599999,181895.17628713,259,5436144653.00,113217.16272024,0
1643049600000,0.00002082,0.00002082,0.00002076,0.00002078,8523450993.00,1643049659999,177186.69875690,296,5095061739.00,105924.25567021,0
1643049660000,0.00002080,0.00002087,0.00002075,0.00002085,15562072658.00,1643049719999,323735.74051393,373,6335876874.00,131857.57473864,0
1643049720000,0.00002085,0.00002087,0.00002080,0.00002085,9984649895.00,1643049779999,207985.38867798,355,5485156053.00,114258.18808918,0
1643049780000,0.00002084,0.00002085,0.00002080,0.00002081,5922533735.00,1643049839999,123385.16631210,234,3991875182.00,83168.95443376,0
1643049840000,0.00002082,0.00002082,0.00002072,0.00002081,14574657483.00,1643049899999,302646.02098037,498,6381541404.00,132545.63020202,0
1643049900000,0.00002081,0.00002095,0.00002080,0.00002095,15840993523.00,1643049959999,330960.51454648,463,5917589650.00,123573.05075406,0
1643049960000,0.00002095,0.00002100,0.00002090,0.00002093,18177509963.00,1643050019999,380894.22313928,677,12392964737.00,259713.89248122,0
1643050020000,0.00002092,0.00002098,0.00002089,0.00002093,19979803145.00,1643050079999,418135.75807995,476,12149691746.00,254281.85968622,0
1643050080000,0.00002093,0.00002100,0.00002091,0.00002099,10735910397.00,1643050139999,225154.35821509,369,7471249946.00,156717.04736816,0
1643050140000,0.00002098,0.00002124,0.00002097,0.00002110,35252306430.00,1643050199999,744364.90134121,1455,23573866813.00,497667.35585823,0
1643050200000,0.00002110,0.00002120,0.00002107,0.00002112,17968190950.00,1643050259999,379680.50258749,643,10071665681.00,212853.36043474,0
1643050260000,0.00002112,0.00002115,0.00002100,0.00002101,17948063703.00,1643050319999,378198.84944303,588,6638979310.00,139934.35930380,0
1643050320000,0.00002101,0.00002106,0.00002098,0.00002106,14631619511.00,1643050379999,307387.91969000,396,10088352501.00,211949.44096555,0
1643050380000,0.00002105,0.00002112,0.00002099,0.00002099,13618519332.00,1643050439999,286539.29703256,380,6582773891.00,138601.42301483,0
1643050440000,0.00002099,0.00002104,0.00002096,0.00002102,16702797792.00,1643050499999,350643.11756248,467,4511795550.00,94764.76194786,0
1643050500000,0.00002102,0.00002105,0.00002096,0.00002098,13502669364.00,1643050559999,283585.45005932,423,5704380513.00,119840.56414790,0
1643050560000,0.00002097,0.00002100,0.00002092,0.00002097,16029361108.00,1643050619999,336001.44603228,492,6516004368.00,136619.47700917,0
1643050620000,0.00002097,0.00002101,0.00002097,0.00002101,8937591802.00,1643050679999,187631.49485219,287,5508249916.00,115637.67200807,0
1643050680000,0.00002101,0.00002101,0.00002098,0.00002099,5478161856.00,1643050739999,115011.82336455,282,1767263012.00,37112.73602946,0
1643050740000,0.00002099,0.00002100,0.00002096,0.00002098,10977493140.00,1643050799999,230320.62013389,331,6646912855.00,139480.92023227,0
1643050800000,0.00002098,0.00002099,0.00002087,0.00002093,13364892780.00,1643050859999,279723.84028090,533,5448589384.00,114045.82127761,0
1643050860000,0.00002093,0.00002095,0.00002090,0.00002092,7587560325.00,1643050919999,158760.54879597,295,3536162684.00,74011.37902729,0
1643050920000,0.00002092,0.00002108,0.00002091,0.00002104,21250046080.00,1643050979999,446571.78693897,646,12814978692.00,269301.63372273,0
1643050980000,0.00002104,0.00002108,0.00002097,0.00002100,9783158470.00,1643051039999,205675.06656566,359,5915081672.00,124377.17165264,0
1643051040000,0.00002100,0.00002101,0.00002090,0.00002092,6038084272.00,1643051099999,126421.76665968,350,2512147094.00,52605.84558552,0
1643051100000,0.00002092,0.00002093,0.00002083,0.00002083,8959183508.00,1643051159999,187133.76767175,371,4163949280.00,86958.91189643,0
1643051160000,0.00002083,0.00002091,0.00002083,0.00002083,7612274427.00,1643051219999,158872.46795300,316,4202827723.00,87714.73851065,0
1643051220000,0.00002084,0.00002085,0.00002073,0.00002085,24947058564.00,1643051279999,518818.74049348,804,9402313667.00,195563.85164534,0
1643051280000,0.00002084,0.00002085,0.00002078,0.00002082,8778274469.00,1643051339999,182697.15225758,321,3541945771.00,73727.76067576,0
1643051340000,0.00002082,0.00002084,0.00002078,0.00002081,7426465335.00,1643051399999,154556.44078185,252,3604669609.00,75022.55183847,0
1643051400000,0.00002081,0.00002085,0.00002080,0.00002080,22616374668.00,1643051459999,470599.81331088,345,3333377638.00,69435.69399640,0
1643051460000,0.00002080,0.00002085,0.00002080,0.00002084,9203486999.00,1643051519999,191623.62659665,321,5378272662.00,112001.86037291,0
1643051520000,0.00002083,0.00002084,0.00002073,0.00002075,16594282936.00,1643051579999,344557.06707020,453,5338951545.00,110911.24549065,0
1643051580000,0.00002075,0.00002079,0.00002068,0.00002070,14704368422.00,1643051639999,304668.00598569,544,5324841130.00,110369.94443946,0
1643051640000,0.00002072,0.00002077,0.00002071,0.00002072,10367788622.00,1643051699999,214973.27238593,366,6532471426.00,135490.87482941,0
1643051700000,0.00002072,0.00002077,0.00002065,0.00002066,16660178338.00,1643051759999,344988.25347304,459,7111609137.00,147340.64319177,0
1643051760000,0.00002066,0.00002070,0.00002058,0.00002058,17904670780.00,1643051819999,369212.68216302,716,6409414279.00,132219.91918143,0
1643051820000,0.00002059,0.00002063,0.00002052,0.00002062,15898234404.00,1643051879999,326977.68308432,660,6289374975.00,129388.21219953,0
1643051880000,0.00002062,0.00002062,0.00002049,0.00002053,15694654281.00,1643051939999,322311.06142438,562,4503420415.00,92454.94763409,0
1643051940000,0.00002052,0.00002063,0.00002051,0.00002059,17230420531.00,1643051999999,354716.44425487,491,9185857129.00,189070.55858082,0
1643052000000,0.00002058,0.00002074,0.00002057,0.00002068,15337152704.00,1643052059999,317111.14993235,480,7872082178.00,162788.70208761,0
1643052060000,0.00002068,0.00002069,0.00002062,0.00002066,8667852256.00,1643052119999,179064.25527919,274,3615633646.00,74695.37601858,0
1643052120000,0.00002065,0.00002069,0.00002064,0.00002065,4270516679.00,1643052179999,88240.82155952,193,2607027687.00,53875.27835770,0
1643052180000,0.00002064,0.00002066,0.00002055,0.00002056,12628744236.00,1643052239999,260133.44433864,390,4002732048.00,82416.08075501,0
1643052240000,0.00002056,0.00002058,0.00002052,0.00002053,9828698512.00,1643052299999,202064.90171481,376,4571716987.00,94009.48833541,0
1643052300000,0.00002053,0.00002055,0.00002047,0.00002055,14727338482.00,1643052359999,301973.50168587,539,7467630007.00,153134.93087700,0
1643052360000,0.00002054,0.00002061,0.00002054,0.00002057,10206347381.00,1643052419999,209950.26076150,314,4263562987.00,87722.10296642,0
1643052420000,0.00002057,0.00002062,0.00002055,0.00002056,4912148571.00,1643052479999,101082.19092265,227,2388436474.00,49155.97937285,0
1643052480000,0.00002056,0.00002057,0.00002051,0.00002055,7188337563.00,1643052539999,147646.67750079,251,3557945571.00,73100.50382621,0
1643052540000,0.00002056,0.00002057,0.00002049,0.00002055,20426676187.00,1643052599999,418988.21104829,368,5449298668.00,111867.76448589,0
1643052600000,0.00002055,0.00002067,0.00002050,0.00002064,13650126627.00,1643052659999,281282.74195523,464,7758805117.00,159896.00050325,0
1643052660000,0.00002064,0.00002064,0.00002058,0.00002061,6831791623.00,1643052719999,140804.01782383,277,3033083643.00,62518.33595464,0
1643052720000,0.00002061,0.00002061,0.00002056,0.00002058,3493659749.00,1643052779999,71904.25523723,164,2408260299.00,49572.08572315,0
1643052780000,0.00002057,0.00002058,0.00002054,0.00002056,6226414302.00,1643052839999,127959.26116312,227,2972989174.00,61100.55084344,0
1643052840000,0.00002056,0.00002056,0.00002048,0.00002050,7234408669.00,1643052899999,148402.52767993,280,3105672996.00,63732.29516510,0
1643052900000,0.00002049,0.00002051,0.00002045,0.00002045,8523526629.00,1643052959999,174450.48462354,312,3646655142.00,74651.36638001,0
1643052960000,0.00002045,0.00002051,0.00002044,0.00002045,8988198408.00,1643053019999,184016.57601715,315,3650092208.00,74720.71723183,0
1643053020000,0.00002045,0.00002046,0.00002039,0.00002042,8608829614.00,1643053079999,175846.28556821,392,4225570402.00,86342.25713865,0
1643053080000,0.00002042,0.00002045,0.00002038,0.00002040,6281349411.00,1643053139999,128195.54938304,238,3116397290.00,63604.85491797,0
1643053140000,0.00002040,0.00002046,0.00002038,0.00002045,7475306100.00,1643053199999,152643.04464047,328,4341410785.00,88666.49190602,0
1643053200000,0.00002045,0.00002045,0.00002039,0.00002044,7115569392.00,1643053259999,145308.47559847,252,3250593267.00,66384.74881624,0
1643053260000,0.00002045,0.00002053,0.00002043,0.00002053,4447190377.00,1643053319999,91088.04271189,246,2542532529.00,52087.99016177,0
1643053320000,0.00002053,0.00002053,0.00002045,0.00002050,11310811513.00,1643053379999,231908.19517424,303,5417214401.00,111097.13655096,0
1643053380000,0.00002050,0.00002053,0.00002047,0.00002051,7560375686.00,1643053439999,155019.69099638,216,5148186559.00,105585.03460281,0
1643053440000,0.00002050,0.00002052,0.00002045,0.00002045,4423326910.00,1643053499999,90637.80449395,205,1728048940.00,35423.13732870,0
1643053500000,0.00002046,0.00002050,0.00002041,0.00002045,4289577843.00,1643053559999,87748.65676421,208,2356136149.00,48191.52867499,0
1643053560000,0.00002045,0.00002046,0.00002039,0.00002044,6450637370.00,1643053619999,131745.69158868,227,4090097724.00,83535.57523453,0
1643053620000,0.00002044,0.00002046,0.00002043,0.00002044,4474976001.00,1643053679999,91482.49445871,170,2377034439.00,48598.68316932,0
1643053680000,0.00002044,0.00002046,0.00002041,0.00002043,3403016310.00,1643053739999,69556.30734490,165,1982129413.00,40520.93128444,0
1643053740000,0.00002042,0.00002057,0.00002042,0.00002056,14752685539.00,1643053799999,302674.25606922,397,7949233210.00,163067.70354949,0
1643053800000,0.00002055,0.00002056,0.00002049,0.00002051,8964033356.00,1643053859999,183941.95986685,275,4158045021.00,85351.56667879,0
1643053860000,0.00002052,0.00002053,0.00002049,0.00002052,6760219948.00,1643053919999,138661.26622688,228,4253904487.00,87271.27906248,0
1643053920000,0.00002052,0.00002052,0.00002047,0.00002048,3805052935.00,1643053979999,77989.42353275,203,2187464990.00,44835.90403456,0
1643053980000,0.00002048,0.00002052,0.00002047,0.00002051,4088939141.00,1643054039999,83794.71023450,154,3020727439.00,61910.44854864,0
1643054040000,0.00002051,0.00002053,0.00002050,0.00002052,2835406238.00,1643054099999,58171.94950764,149,1784319546.00,36608.82806729,0
1643054100000,0.00002052,0.00002053,0.00002049,0.00002053,3474521753.00,1643054159999,71273.15616358,168,2444964593.00,50163.01254642,0
1643054160000,0.00002053,0.00002057,0.00002050,0.00002052,5944786034.00,1643054219999,122077.45950655,229,3069424399.00,63043.10737887,0
1643054220000,0.00002052,0.00002057,0.00002050,0.00002056,8039085730.00,1643054279999,165084.91465881,235,5768463384.00,118462.93483207,0
1643054280000,0.00002057,0.00002066,0.00002056,0.00002062,11456505954.00,1643054339999,236265.93451952,395,7481634216.00,154287.25489146,0
1643054340000,0.00002062,0.00002076,0.00002062,0.00002068,17536026036.00,1643054399999,363056.82655091,599,9364484563.00,193906.24202070,0
1643054400000,0.00002068,0.00002076,0.00002065,0.00002075,16192326253.00,1643054459999,335104.71466319,432,8277970368.00,171459.01809329,0
1643054460000,0.00002075,0.00002078,0.00002070,0.00002071,15514992869.00,1643054519999,321666.02151384,496,9877739866.00,204812.63969583,0
1643054520000,0.00002071,0.00002082,0.00002070,0.00002080,14559661598.00,1643054579999,302671.41044674,495,8294609385.00,172441.79548609,0
1643054580000,0.00002080,0.00002081,0.00002073,0.00002074,9592608870.00,1643054639999,199256.83914894,406,4966261883.00,103167.98489782,0
1643054640000,0.00002073,0.00002075,0.00002066,0.00002067,12337010854.00,1643054699999,255496.33196237,400,3321402693.00,68840.26550540,0
1643054700000,0.00002066,0.00002071,0.00002065,0.00002066,5307638875.00,1643054759999,109746.93799691,201,2087561412.00,43181.23506515,0
1643054760000,0.00002067,0.00002071,0.00002065,0.00002068,6934429180.00,1643054819999,143390.56255536,216,3627127866.00,75017.51578204,0
1643054820000,0.00002069,0.00002074,0.00002067,0.00002067,3036079794.00,1643054879999,62849.17536902,167,1519327823.00,31465.37002534,0
1643054880000,0.00002066,0.00002080,0.00002065,0.00002079,23560197595.00,1643054939999,488488.83485246,502,14675109284.00,304095.74742016,0
1643054940000,0.00002078,0.00002081,0.00002075,0.00002076,5443611298.00,1643054999999,113117.66654940,209,3377539327.00,70200.69956776,0
1643055000000,0.00002076,0.00002082,0.00002076,0.00002081,7188340317.00,1643055059999,149519.09303590,263,4361571080.00,90726.01941715,0
1643055060000,0.00002081,0.00002093,0.00002079,0.00002087,36843907781.00,1643055119999,767578.20245759,688,13895167347.00,289600.56811787,0
1643055120000,0.00002087,0.00002088,0.00002080,0.00002083,12840569974.00,1643055179999,267597.92432928,297,5096916438.00,106206.77619410,0
1643055180000,0.00002083,0.00002084,0.00002080,0.00002084,3224059577.00,1643055239999,67126.54441880,168,1652675671.00,34415.36056338,0
1643055240000,0.00002083,0.00002087,0.00002081,0.00002085,3775909995.00,1643055299999,78681.80498638,192,2805596189.00,58467.55963785,0
1643055300000,0.00002084,0.00002090,0.00002083,0.00002087,11069235679.00,1643055359999,231113.45123918,246,9231930620.00,192756.50778810,0
1643055360000,0.00002087,0.00002088,0.00002081,0.00002082,9123983965.00,1643055419999,190183.84847698,303,6532338816.00,136183.84707583,0
1643055420000,0.00002083,0.00002084,0.00002077,0.00002079,6917913750.00,1643055479999,143989.43149577,241,3882346081.00,80844.55427664,0
1643055480000,0.00002078,0.00002086,0.00002078,0.00002080,6704320053.00,1643055539999,139588.35935348,215,3745155695.00,77991.78061933,0
1643055540000,0.00002080,0.00002081,0.00002071,0.00002074,10765068204.00,1643055599999,223352.57241958,276,3195090075.00,66319.57302737,0
1643055600000,0.00002074,0.00002080,0.00002074,0.00002077,4638349277.00,1643055659999,96346.74920751,175,2021453472.00,41993.41132848,0
1643055660000,0.00002078,0.00002082,0.00002077,0.00002080,4521463843.00,1643055719999,94034.89000132,174,2274871478.00,47311.30829991,0
1643055720000,0.00002081,0.00002084,0.00002080,0.00002082,17313814176.00,1643055779999,360485.49994981,239,14025766477.00,292031.25097386,0
1643055780000,0.00002081,0.00002084,0.00002078,0.00002083,4891715071.00,1643055839999,101760.74745911,172,2243986914.00,46695.70425219,0
1643055840000,0.00002082,0.00002084,0.00002078,0.00002078,6803654858.00,1643055899999,141571.71217034,209,3163654102.00,65852.29160349,0
1643055900000,0.00002080,0.00002083,0.00002076,0.00002078,9987345817.00,1643055959999,207632.19085816,236,5186732986.00,107829.30058414,0
1643055960000,0.00002078,0.00002083,0.00002075,0.00002083,5659361038.00,1643056019999,117567.95225911,203,2991472219.00,62157.40914098,0
1643056020000,0.00002082,0.00002083,0.00002071,0.00002076,12175589044.00,1643056079999,252684.76465679,291,5976007392.00,123940.35925736,0
1643056080000,0.00002076,0.00002081,0.00002073,0.00002080,5509270171.00,1643056139999,114351.91751595,202,2153822243.00,44710.33069850,0
1643056140000,0.00002079,0.00002083,0.00002077,0.00002080,7552099201.00,1643056199999,157069.19246825,213,5090865506.00,105881.09015199,0
1643056200000,0.00002080,0.00002087,0.00002075,0.00002087,7645201993.00,1643056259999,159074.61026864,282,4139642402.00,86140.64419568,0
1643056260000,0.00002087,0.00002093,0.00002086,0.00002090,11377264770.00,1643056319999,237784.72088890,356,4961091983.00,103679.76356137,0
1643056320000,0.00002090,0.00002092,0.00002087,0.00002090,4141487469.00,1643056379999,86573.80627129,210,2835037631.00,59277.11504183,0
1643056380000,0.00002090,0.00002101,0.00002085,0.00002099,18856246462.00,1643056439999,395192.15749694,561,13836397971.00,290026.66149423,0
1643056440000,0.00002098,0.00002100,0.00002092,0.00002096,6476985573.00,1643056499999,135771.15601364,273,4086458031.00,85693.80418974,0
1643056500000,0.00002097,0.00002122,0.00002095,0.00002109,28678340865.00,1643056559999,605255.56370637,1325,17236982661.00,363877.30117775,0
1643056560000,0.00002110,0.00002111,0.00002103,0.00002110,18388074815.00,1643056619999,387561.32436090,534,10870420031.00,229097.41858057,0
1643056620000,0.00002110,0.00002118,0.00002107,0.00002113,14779675968.00,1643056679999,312173.48959558,428,8225725770.00,173722.85596812,0
1643056680000,0.00002113,0.00002113,0.00002107,0.00002110,15427121368.00,1643056739999,325495.02111376,302,11570516581.00,244136.42322152,0
1643056740000,0.00002111,0.00002113,0.00002105,0.00002112,10363501441.00,1643056799999,218562.28575544,331,5619681911.00,118522.15669046,0
1643056800000,0.00002112,0.00002115,0.00002109,0.00002109,8217545952.00,1643056859999,173568.19899903,303,3856311857.00,81483.48143505,0
1643056860000,0.00002108,0.00002113,0.00002105,0.00002107,6742436952.00,1643056919999,142247.86112081,311,4062846367.00,85733.50680613,0
1643056920000,0.00002108,0.00002111,0.00002105,0.00002108,9015435919.00,1643056979999,190069.11731389,273,5702263813.00,120230.11787732,0
1643056980000,0.00002109,0.00002111,0.00002101,0.00002104,8031433640.00,1643057039999,169003.60182195,290,3800925666.00,79990.13978640,0
1643057040000,0.00002103,0.00002108,0.00002102,0.00002105,7347864290.00,1643057099999,154636.71965580,254,4591398707.00,96636.67058336,0
1643057100000,0.00002105,0.00002109,0.00002104,0.00002107,6116480770.00,1643057159999,128889.30006418,226,2941174116.00,61977.87731829,0
1643057160000,0.00002107,0.00002113,0.00002107,0.00002112,8888416491.00,1643057219999,187552.58925467,303,4094763321.00,86417.34145862,0
1643057220000,0.00002112,0.00002130,0.00002111,0.00002119,48175514152.00,1643057279999,1022331.67201765,1378,32298687983.00,685448.57751776,0
1643057280000,0.00002119,0.00002120,0.00002114,0.00002118,13870576587.00,1643057339999,293622.96544110,352,6824480764.00,144457.23549150,0
1643057340000,0.00002118,0.00002120,0.00002110,0.00002118,22846874606.00,1643057399999,483407.92102238,406,4454059060.00,94242.86064877,0
1643057400000,0.00002118,0.00002154,0.00002117,0.00002154,47822047888.00,1643057459999,1021234.50186175,1701,30058235489.00,642210.71756822,0
1643057460000,0.00002151,0.00002152,0.00002133,0.00002145,43056273401.00,1643057519999,922627.85528912,1757,22707454913.00,486458.92802561,0
1643057520000,0.00002144,0.00002164,0.00002140,0.00002160,66021875401.00,1643057579999,1418547.02715620,1353,48255094239.00,1036647.63405119,0
1643057580000,0.00002159,0.00002168,0.00002148,0.00002161,65942352953.00,1643057639999,1423160.92263741,2016,39927676907.00,861843.13625528,0
1643057640000,0.00002160,0.00002184,0.00002159,0.00002177,52868339144.00,1643057699999,1147684.16505566,2284,24692417144.00,536087.66368662,0
1643057700000,0.00002177,0.00002208,0.00002163,0.00002200,91487204671.00,1643057759999,2002241.26161984,3838,57282748499.00,1254588.94044783,0
1643057760000,0.00002199,0.00002200,0.00002182,0.00002191,36612303019.00,1643057819999,801978.95775188,1292,19057040481.00,417412.53140702,0
1643057820000,0.00002191,0.00002202,0.00002185,0.00002190,45106651337.00,1643057879999,989826.25968435,1130,24142068688.00,529899.68377062,0
1643057880000,0.00002190,0.00002201,0.00002183,0.00002190,48090460371.00,1643057939999,1054754.72476285,1171,20724485854.00,454413.67133428,0
1643057940000,0.00002190,0.00002229,0.00002186,0.00002206,97776532682.00,1643057999999,2155075.45827421,3116,37909893077.00,837727.52899019,0
1643058000000,0.00002205,0.00002206,0.00002180,0.00002181,35864577143.00,1643058059999,786209.67165673,1170,14787238184.00,324124.33622744,0
1643058060000,0.00002180,0.00002180,0.00002161,0.00002163,45405050701.00,1643058119999,985127.22527725,1462,19793202804.00,429536.37997952,0
1643058120000,0.00002164,0.00002169,0.00002151,0.00002156,29279770582.00,1643058179999,632513.71645653,1060,14795695122.00,319643.87057719,0
1643058180000,0.00002156,0.00002160,0.00002140,0.00002143,49136084837.00,1643058239999,1056087.86799054,1509,14777148410.00,317808.65119725,0
1643058240000,0.00002143,0.00002148,0.00002139,0.00002139,31765374958.00,1643058299999,680425.60042441,770,15033277378.00,322091.96071345,0
1643058300000,0.00002140,0.00002149,0.00002134,0.00002136,21713028214.00,1643058359999,465005.12547698,636,11447036391.00,245260.70800195,0
1643058360000,0.00002138,0.00002149,0.00002138,0.00002142,22803189760.00,1643058419999,488850.51769435,642,13876920239.00,297524.60409896,0
1643058420000,0.00002142,0.00002150,0.00002137,0.00002148,10325813083.00,1643058479999,221535.19291812,371,4173451646.00,89518.55589653,0
1643058480000,0.00002149,0.00002153,0.00002142,0.00002145,14732507235.00,1643058539999,316479.44504745,442,7985128435.00,171589.13645034,0
1643058540000,0.00002145,0.00002150,0.00002141,0.00002146,9580709713.00,1643058599999,205550.14073852,361,5384848980.00,115549.13903796,0
1643058600000,0.00002145,0.00002156,0.00002143,0.00002152,17162223845.00,1643058659999,369441.24106161,506,10569250865.00,227529.92015015,0
1643058660000,0.00002152,0.00002158,0.00002151,0.00002157,11204976397.00,1643058719999,241489.92539999,461,6370429905.00,137309.24493695,0
1643058720000,0.00002157,0.00002164,0.00002153,0.00002163,11563727475.00,1643058779999,249518.93878340,397,5466857090.00,117994.00785108,0
1643058780000,0.00002162,0.00002163,0.00002154,0.00002158,13634317105.00,1643058839999,294318.95812084,423,5689951139.00,122808.87706965,0
1643058840000,0.00002157,0.00002157,0.00002150,0.00002153,10291579417.00,1643058899999,221578.24204093,348,5247521863.00,113018.48907230,0
1643058900000,0.00002152,0.00002153,0.00002139,0.00002139,14675401847.00,1643058959999,315049.83577152,487,4101574323.00,88065.07358781,0
1643058960000,0.00002140,0.00002152,0.00002136,0.00002151,13580466553.00,1643059019999,291131.29802709,458,6837491148.00,146582.85323317,0
1643059020000,0.00002152,0.00002165,0.00002150,0.00002164,9745957767.00,1643059079999,210177.79944713,419,5777820067.00,124630.80032384,0
1643059080000,0.00002165,0.00002168,0.00002157,0.00002160,9293340999.00,1643059139999,200957.94429436,345,5465665708.00,118195.89784632,0
1643059140000,0.00002161,0.00002169,0.00002159,0.00002167,8760808807.00,1643059199999,189661.95234248,323,5185730607.00,112281.39595987,0
1643059200000,0.00002166,0.00002170,0.00002161,0.00002167,9834668456.00,1643059259999,213059.69644996,365,4679471322.00,101373.71130225,0
1643059260000,0.00002167,0.00002168,0.00002158,0.00002160,9079558593.00,1643059319999,196347.00284346,333,4635118920.00,100252.01291230,0
1643059320000,0.00002160,0.00002165,0.00002156,0.00002159,7491861417.00,1643059379999,161877.99323402,303,3961223939.00,85609.93445587,0
1643059380000,0.00002158,0.00002158,0.00002146,0.00002147,5836772018.00,1643059439999,125602.12537172,350,2489581429.00,53574.37762797,0
1643059440000,0.00002146,0.00002149,0.00002143,0.00002146,13512884474.00,1643059499999,289978.00456070,390,6577054951.00,141157.58126668,0
1643059500000,0.00002147,0.00002154,0.00002143,0.00002153,8170168364.00,1643059559999,175466.09122774,341,4129884875.00,88741.65269678,0
1643059560000,0.00002153,0.00002155,0.00002149,0.00002154,3354516359.00,1643059619999,72228.78994162,154,2182290980.00,46998.79280653,0
1643059620000,0.00002154,0.00002157,0.00002144,0.00002145,5669834026.00,1643059679999,121902.05751044,260,1584171479.00,34038.47293761,0
1643059680000,0.00002146,0.00002147,0.00002136,0.00002142,16037299264.00,1643059739999,343564.76004219,500,6252034292.00,134007.88155701,0
1643059740000,0.00002141,0.00002146,0.00002140,0.00002144,6681222717.00,1643059799999,143194.67372120,252,2666521306.00,57146.38573568,0
1643059800000,0.00002145,0.00002154,0.00002144,0.00002146,6779992043.00,1643059859999,145744.17330817,286,3575361112.00,76850.45707552,0
1643059860000,0.00002144,0.00002146,0.00002136,0.00002141,11043269640.00,1643059919999,236317.84871702,362,4184230878.00,89546.71135031,0
1643059920000,0.00002142,0.00002152,0.00002140,0.00002150,8383006269.00,1643059979999,180065.59651580,333,3877049039.00,83304.51557955,0
1643059980000,0.00002151,0.00002152,0.00002145,0.00002147,6812202053.00,1643060039999,146379.45134992,216,1479899513.00,31791.67069083,0
1643060040000,0.00002146,0.00002158,0.00002146,0.00002156,21343975707.00,1643060099999,459092.18954347,410,18656617305.00,401276.13331596,0
1643060100000,0.00002157,0.00002162,0.00002152,0.00002155,15253107119.00,1643060159999,328974.67266868,417,9537467439.00,205727.43188032,0
1643060160000,0.00002155,0.00002159,0.00002154,0.00002156,4815167394.00,1643060219999,103806.01114291,193,2303846442.00,49659.62859874,0
1643060220000,0.00002156,0.00002161,0.00002155,0.00002158,9869134169.00,1643060279999,212993.24397848,287,7400880887.00,159765.78622579,0
1643060280000,0.00002159,0.00002160,0.00002151,0.00002151,5155092387.00,1643060339999,111038.11003105,232,2008382233.00,43257.03472332,0
1643060340000,0.00002153,0.00002153,0.00002147,0.00002147,6565027613.00,1643060399999,141181.76543208,229,3195618466.00,68748.33477040,0
1643060400000,0.00002147,0.00002148,0.00002142,0.00002143,4060555116.00,1643060459999,87122.15769639,229,1145840611.00,24587.33458908,0
1643060460000,0.00002142,0.00002143,0.00002139,0.00002142,5965004968.00,1643060519999,127715.82666627,248,2628119922.00,56271.59492183,0
1643060520000,0.00002143,0.00002148,0.00002141,0.00002148,8104459651.00,1643060579999,173769.03477001,272,4986915427.00,106942.14517403,0
1643060580000,0.00002147,0.00002147,0.00002141,0.00002143,4974168704.00,1643060639999,106594.40301977,197,1840372920.00,39431.76743690,0
1643060640000,0.00002143,0.00002143,0.00002136,0.00002139,7007246115.00,1643060699999,149847.06051419,255,3903722975.00,83477.81874733,0
1643060700000,0.00002139,0.00002143,0.00002138,0.00002141,4317016848.00,1643060759999,92385.66404285,164,2723060175.00,58274.55730023,0
1643060760000,0.00002141,0.00002142,0.00002127,0.00002135,18813269615.00,1643060819999,401249.96262319,712,7901001406.00,168541.94867722,0
1643060820000,0.00002135,0.00002135,0.00002129,0.00002132,6341864154.00,1643060879999,135201.77874066,252,1488630223.00,31745.46055515,0
1643060880000,0.00002132,0.00002132,0.00002117,0.00002125,26447094059.00,1643060939999,561568.54792079,975,8817643682.00,187274.09256425,0
1643060940000,0.00002124,0.00002126,0.00002120,0.00002121,7719476358.00,1643060999999,163936.98706904,276,3785977263.00,80419.96057532,0
1643061000000,0.00002122,0.00002127,0.00002121,0.00002125,13559970698.00,1643061059999,288010.35047319,373,6599192043.00,140185.63757018,0
1643061060000,0.00002125,0.00002128,0.00002121,0.00002125,24587166370.00,1643061119999,522470.35804424,486,18430607421.00,391673.31719477,0
1643061120000,0.00002124,0.00002132,0.00002123,0.00002131,9955550612.00,1643061179999,211875.85333104,305,4388544858.00,93383.36377991,0
1643061180000,0.00002131,0.00002136,0.00002131,0.00002134,11756224884.00,1643061239999,250870.49689811,381,8358126165.00,178374.42261990,0
1643061240000,0.00002134,0.00002135,0.00002130,0.00002131,16039981529.00,1643061299999,341764.01461297,261,1569657565.00,33463.97612998,0
1643061300000,0.00002132,0.00002135,0.00002130,0.00002134,6252622420.00,1643061359999,133292.11001552,166,1695245333.00,36139.39917050,0
1643061360000,0.00002135,0.00002138,0.00002132,0.00002133,6723574181.00,1643061419999,143618.52968856,206,4312627593.00,92132.18730798,0
1643061420000,0.00002133,0.00002138,0.00002133,0.00002136,6439883033.00,1643061479999,137508.54008348,194,5033751848.00,107491.86280531,0
1643061480000,0.00002136,0.00002137,0.00002132,0.00002133,1749612731.00,1643061539999,37328.14283407,123,833625269.00,17788.96647865,0
1643061540000,0.00002134,0.00002136,0.00002130,0.00002135,4062592526.00,1643061599999,86707.70046870,165,1516095788.00,32359.09789533,0
1643061600000,0.00002134,0.00002136,0.00002124,0.00002124,8146073347.00,1643061659999,173478.19586489,324,3435270800.00,73237.73360725,0
1643061660000,0.00002125,0.00002127,0.00002122,0.00002122,5336608261.00,1643061719999,113375.40108244,175,2703755967.00,57451.93226641,0
1643061720000,0.00002122,0.00002128,0.00002120,0.00002126,6388242502.00,1643061779999,135730.83931610,232,3142015791.00,66771.04154572,0
1643061780000,0.00002126,0.00002133,0.00002124,0.00002132,4424399744.00,1643061839999,94226.80546746,214,2343253689.00,49905.35353698,0
1643061840000,0.00002131,0.00002134,0.00002128,0.00002131,3610027048.00,1643061899999,76901.60832162,145,1492482016.00,31811.79591691,0
1643061900000,0.00002130,0.00002137,0.00002129,0.00002133,6742703350.00,1643061959999,143842.77624235,204,4302286565.00,91808.37731835,0
1643061960000,0.00002134,0.00002134,0.00002124,0.00002124,3917844718.00,1643062019999,83434.65869980,187,934746608.00,19920.92897658,0
1643062020000,0.00002125,0.00002126,0.00002123,0.00002124,2101053848.00,1643062079999,44651.46829671,110,658986390.00,14006.10862553,0
1643062080000,0.00002123,0.00002129,0.00002123,0.00002124,2891933996.00,1643062139999,61470.54472226,158,1566801030.00,33305.81044022,0
1643062140000,0.00002123,0.00002124,0.00002116,0.00002123,12330030859.00,1643062199999,261443.15305104,376,4606461598.00,97649.72101095,0
1643062200000,0.00002123,0.00002123,0.00002118,0.00002118,2063899915.00,1643062259999,43760.77745134,146,761105515.00,16149.19156144,0
1643062260000,0.00002119,0.00002120,0.00002112,0.00002120,7646184505.00,1643062319999,161745.63338754,457,2718814652.00,57536.94859977,0
1643062320000,0.00002119,0.00002126,0.00002119,0.00002125,5689497942.00,1643062379999,120780.97990132,306,3337580591.00,70856.66191756,0
1643062380000,0.00002125,0.00002130,0.00002124,0.00002127,5557327434.00,1643062439999,118181.45034878,263,2805729540.00,59681.39562107,0
1643062440000,0.00002126,0.00002128,0.00002125,0.00002127,1868308136.00,1643062499999,39733.68919201,116,887127676.00,18870.87222195,0
1643062500000,0.00002128,0.00002138,0.00002127,0.00002132,13428364416.00,1643062559999,286462.09126431,472,7142569431.00,152314.37852680,0
1643062560000,0.00002132,0.00002133,0.00002123,0.00002124,3129687924.00,1643062619999,66590.78652858,195,652542550.00,13898.46354477,0
1643062620000,0.00002125,0.00002126,0.00002123,0.00002125,1681904873.00,1643062679999,35745.50593260,113,1032318982.00,21942.75594823,0
1643062680000,0.00002125,0.00002126,0.00002124,0.00002124,929973257.00,1643062739999,19762.86350717,91,514664196.00,10939.99948573,0
1643062740000,0.00002125,0.00002125,0.00002121,0.00002121,2437860097.00,1643062799999,51745.96929278,136,523964392.00,11126.28894578,0
1643062800000,0.00002121,0.00002122,0.00002115,0.00002115,4537510273.00,1643062859999,96118.32967186,232,1859167353.00,39393.70407442,0
1643062860000,0.00002116,0.00002117,0.00002114,0.00002116,2491990803.00,1643062919999,52718.54961516,175,1467842104.00,31058.83193757,0
1643062920000,0.00002116,0.00002123,0.00002114,0.00002122,4983513863.00,1643062979999,105565.19955553,217,3237238985.00,68585.49279251,0
1643062980000,0.00002122,0.00002122,0.00002120,0.00002120,1680311898.00,1643063039999,35634.24093919,105,757497117.00,16065.87693156,0
1643063040000,0.00002120,0.00002126,0.00002120,0.00002121,4706429105.00,1643063099999,99890.33967800,215,2228853098.00,47316.92267154,0
1643063100000,0.00002121,0.00002124,0.00002121,0.00002124,1457441062.00,1643063159999,30945.97428230,105,1093323329.00,23219.20869979,0
1643063160000,0.00002124,0.00002126,0.00002117,0.00002117,5397760248.00,1643063219999,114550.68287538,241,1640706727.00,34837.55731929,0
1643063220000,0.00002118,0.00002118,0.00002109,0.00002110,7128867494.00,1643063279999,150559.10947441,354,2973903171.00,62818.99501529,0
1643063280000,0.00002110,0.00002115,0.00002108,0.00002112,7476257790.00,1643063339999,157899.81581913,303,6264337970.00,132303.98985652,0
1643063340000,0.00002112,0.00002114,0.00002111,0.00002112,3012288164.00,1643063399999,63638.22190059,185,1446172606.00,30556.72752055,0
1643063400000,0.00002113,0.00002113,0.00002107,0.00002108,2676987009.00,1643063459999,56459.98408129,166,796772229.00,16819.30505154,0
1643063460000,0.00002109,0.00002109,0.00002103,0.00002104,8297968812.00,1643063519999,174640.52876701,392,1759125069.00,37040.93019661,0
1643063520000,0.00002104,0.00002105,0.00002096,0.00002097,10321953033.00,1643063579999,216834.82781163,591,1804366593.00,37903.02044857,0
1643063580000,0.00002097,0.00002100,0.00002096,0.00002098,5814809902.00,1643063639999,122031.08969222,330,3417375212.00,71745.31559882,0
1643063640000,0.00002099,0.00002100,0.00002097,0.00002099,6395314252.00,1643063699999,134255.73540932,424,3570440249.00,74968.75990004,0
1643063700000,0.00002099,0.00002099,0.00002091,0.00002094,10981781502.00,1643063759999,229992.57270244,418,4416983733.00,92496.02368271,0
1643063760000,0.00002094,0.00002116,0.00002094,0.00002113,15042826503.00,1643063819999,317124.08727076,804,11553336884.00,243715.55806155,0
1643063820000,0.00002112,0.00002125,0.00002112,0.00002125,6010540557.00,1643063879999,127242.61646599,294,4171200046.00,88316.03868279,0
1643063880000,0.00002123,0.00002126,0.00002111,0.00002112,8105039180.00,1643063939999,171659.39769510,321,2987619312.00,63242.48746114,0
1643063940000,0.00002112,0.00002112,0.00002103,0.00002105,6619748934.00,1643063999999,139440.53353007,280,3231119212.00,68059.56559684,0
1643064000000,0.00002105,0.00002117,0.00002105,0.00002109,4422810336.00,1643064059999,93364.32369718,223,1403308512.00,29614.82779754,0
1643064060000,0.00002111,0.00002117,0.00002108,0.00002112,3509202842.00,1643064119999,74104.56321474,189,1780105387.00,37615.65955753,0
1643064120000,0.00002112,0.00002112,0.00002108,0.00002109,2356221819.00,1643064179999,49717.79053820,108,555817984.00,11734.83749958,0
1643064180000,0.00002108,0.00002112,0.00002108,0.00002112,1930851041.00,1643064239999,40742.35029422,264,1037273722.00,21890.63290369,0
1643064240000,0.00002112,0.00002120,0.00002111,0.00002119,2801942388.00,1643064299999,59285.81545826,402,1627574225.00,34433.29816689,0
1643064300000,0.00002120,0.00002120,0.00002112,0.00002112,2477020628.00,1643064359999,52392.12940976,183,1217140558.00,25752.77805491,0
1643064360000,0.00002113,0.00002116,0.00002109,0.00002111,7129654755.00,1643064419999,150545.52061825,215,1339706573.00,28307.56369168,0
1643064420000,0.00002112,0.00002115,0.00002105,0.00002106,5828455144.00,1643064479999,123032.16213887,181,1507390831.00,31837.54919700,0
1643064480000,0.00002105,0.00002105,0.00002097,0.00002101,8311167436.00,1643064539999,174632.50248363,357,2848616282.00,59878.63266666,0
1643064540000,0.00002102,0.00002102,0.00002097,0.00002100,5698306827.00,1643064599999,119642.63888317,260,1192169761.00,25038.55620300,0
1643064600000,0.00002101,0.00002107,0.00002100,0.00002102,7177784586.00,1643064659999,151037.81063470,321,3545944617.00,74610.30172498,0
1643064660000,0.00002102,0.00002104,0.00002099,0.00002103,4831599915.00,1643064719999,101547.24918965,328,3121567605.00,65623.51355503,0
1643064720000,0.00002104,0.00002105,0.00002101,0.00002103,2855349323.00,1643064779999,60043.91863558,285,1789526748.00,37632.64036438,0
1643064780000,0.00002104,0.00002105,0.00002101,0.00002102,3888241146.00,1643064839999,81773.54382333,261,1983510899.00,41723.08374005,0
1643064840000,0.00002102,0.00002105,0.00002100,0.00002103,2741509248.00,1643064899999,57628.51428724,324,1332011027.00,28002.36529937,0
1643064900000,0.00002104,0.00002105,0.00002100,0.00002100,4673093679.00,1643064959999,98212.38309054,283,853939003.00,17956.75313691,0
1643064960000,0.00002100,0.00002103,0.00002099,0.00002101,3905669210.00,1643065019999,82061.03550547,243,2117806890.00,44504.04568809,0
1643065020000,0.00002101,0.00002102,0.00002097,0.00002097,3816096817.00,1643065079999,80129.06480795,199,1173194265.00,24646.58004124,0
1643065080000,0.00002097,0.00002098,0.00002093,0.00002095,6098309928.00,1643065139999,127791.86261455,490,1935590661.00,40564.24240856,0
1643065140000,0.00002097,0.00002104,0.00002095,0.00002099,10018332710.00,1643065199999,210351.49430998,527,4880715886.00,102471.29170288,0
1643065200000,0.00002099,0.00002102,0.00002096,0.00002102,8345559773.00,1643065259999,175146.45139229,398,3597990117.00,75529.88294973,0
1643065260000,0.00002103,0.00002109,0.00002103,0.00002105,7135012934.00,1643065319999,150210.23198991,316,4055034839.00,85378.57321416,0
1643065320000,0.00002106,0.00002107,0.00002101,0.00002105,6597347429.00,1643065379999,138859.70028996,193,3259298314.00,68614.60160927,0
1643065380000,0.00002105,0.00002106,0.00002101,0.00002101,1866867341.00,1643065439999,39278.26551470,76,178987179.00,3767.36391861,0
1643065440000,0.00002102,0.00002102,0.00002093,0.00002096,6317774168.00,1643065499999,132531.36003109,227,3093953311.00,64869.43012771,0
1643065500000,0.00002096,0.00002104,0.00002095,0.00002099,11056750445.00,1643065559999,232227.27467529,531,7208492907.00,151394.84948109,0
1643065560000,0.00002099,0.00002105,0.00002099,0.00002100,7472474225.00,1643065619999,157082.62460983,250,3295869371.00,69278.66402920,0
1643065620000,0.00002099,0.00002103,0.00002098,0.00002100,5420298539.00,1643065679999,113842.94783415,159,2627029441.00,55184.90644010,0
1643065680000,0.00002101,0.00002107,0.00002100,0.00002106,6085566150.00,1643065739999,127988.84679233,222,3583459720.00,75376.37532213,0
1643065740000,0.00002106,0.00002114,0.00002105,0.00002111,12880381752.00,1643065799999,271840.39348378,487,7159264983.00,151076.73575232,0
1643065800000,0.00002112,0.00002119,0.00002109,0.00002111,19914398126.00,1643065859999,420807.62967265,523,9655444826.00,204048.16402440,0
1643065860000,0.00002110,0.00002118,0.00002110,0.00002115,5225790726.00,1643065919999,110484.59616817,194,2677774272.00,56613.71288328,0
1643065920000,0.00002116,0.00002118,0.00002112,0.00002115,4609469862.00,1643065979999,97464.94754724,133,2640024725.00,55838.75224942,0
1643065980000,0.00002114,0.00002116,0.00002110,0.00002114,6381737241.00,1643066039999,134789.29985520,232,3708342102.00,78309.08612609,0
1643066040000,0.00002115,0.00002118,0.00002111,0.00002113,10284223795.00,1643066099999,217424.98491440,237,3865322166.00,81767.87825125,0
1643066100000,0.00002113,0.00002115,0.00002112,0.00002115,7013886147.00,1643066159999,148264.84753221,186,4471953153.00,94533.72626008,0
1643066160000,0.00002114,0.00002121,0.00002113,0.00002120,5967799994.00,1643066219999,126351.56503051,253,4441384306.00,94036.32524460,0
1643066220000,0.00002120,0.00002124,0.00002118,0.00002122,9693690248.00,1643066279999,205667.53291955,334,5971664749.00,126730.33604114,0
1643066280000,0.00002122,0.00002129,0.00002121,0.00002128,15209393643.00,1643066339999,323339.66982615,452,10636491861.00,226184.20895871,0
1643066340000,0.00002127,0.00002132,0.00002126,0.00002132,4076311053.00,1643066399999,86772.48889918,225,3134656569.00,66742.11194746,0
1643066400000,0.00002131,0.00002131,0.00002122,0.00002124,9933988140.00,1643066459999,211159.63068502,289,3154264834.00,67035.55774023,0
1643066460000,0.00002124,0.00002125,0.00002121,0.00002122,3156003401.00,1643066519999,67004.26665658,129,1286439046.00,27313.35298067,0
1643066520000,0.00002122,0.00002123,0.00002113,0.00002114,14884368629.00,1643066579999,314979.23165761,441,4041389502.00,85524.85807199,0
1643066580000,0.00002114,0.00002118,0.00002111,0.00002111,6352708450.00,1643066639999,134413.79769446,181,3982593991.00,84283.78438445,0
1643066640000,0.00002111,0.00002116,0.00002110,0.00002114,4460945061.00,1643066699999,94270.01951600,142,2450229096.00,51777.73360896,0
1643066700000,0.00002114,0.00002119,0.00002113,0.00002116,6341886359.00,1643066759999,134184.25094426,153,3711035668.00,78522.82949330,0
1643066760000,0.00002115,0.00002115,0.00002108,0.00002111,8048392056.00,1643066819999,169912.11651566,257,3219420912.00,67975.87701366,0
1643066820000,0.00002110,0.00002113,0.00002109,0.00002112,2936105733.00,1643066879999,61988.42401675,114,1764414943.00,37253.59647334,0
1643066880000,0.00002112,0.00002114,0.00002109,0.00002113,2944189595.00,1643066939999,62178.45492775,113,604403016.00,12766.28210629,0
1643066940000,0.00002114,0.00002118,0.00002110,0.00002111,3025869633.00,1643066999999,63975.64030521,189,1384980785.00,29290.08004208,0
1643067000000,0.00002111,0.00002111,0.00002105,0.00002105,3235977925.00,1643067059999,68183.19207467,187,1201081176.00,25312.56797534,0
1643067060000,0.00002106,0.00002106,0.00002094,0.00002096,11986961672.00,1643067119999,251415.65357199,482,5450885619.00,114342.14367808,0
1643067120000,0.00002095,0.00002104,0.00002095,0.00002104,9307349555.00,1643067179999,195490.22355461,333,6931037543.00,145549.09507953,0
1643067180000,0.00002104,0.00002114,0.00002104,0.00002110,11874359877.00,1643067239999,250410.66432296,328,5204251107.00,109775.30271952,0
1643067240000,0.00002110,0.00002112,0.00002107,0.00002108,4549506757.00,1643067299999,95972.05196631,183,2622291776.00,55322.72098228,0
1643067300000,0.00002107,0.00002115,0.00002106,0.00002114,7993150775.00,1643067359999,168677.45049816,273,4100386512.00,86566.56207548,0
1643067360000,0.00002114,0.00002117,0.00002110,0.00002113,4989925807.00,1643067419999,105457.11664320,237,2962446327.00,62619.87549037,0
1643067420000,0.00002114,0.00002120,0.00002114,0.00002116,4733190829.00,1643067479999,100217.37251446,254,2687230415.00,56901.08195805,0
1643067480000,0.00002116,0.00002121,0.00002115,0.00002120,4699428464.00,1643067539999,99485.54345447,260,3301888605.00,69911.75061840,0
1643067540000,0.00002120,0.00002123,0.00002117,0.00002117,5901408449.00,1643067599999,125145.62346915,177,1359426071.00,28837.97498938,0
1643067600000,0.00002118,0.00002118,0.00002116,0.00002117,1618094592.00,1643067659999,34256.55638740,85,763085009.00,16156.42216566,0
1643067660000,0.00002118,0.00002129,0.00002116,0.00002125,9387059600.00,1643067719999,199416.08640577,450,5148014043.00,109356.97735957,0
1643067720000,0.00002125,0.00002127,0.00002118,0.00002119,4536089710.00,1643067779999,96285.35631826,154,2345477930.00,49806.92533467,0
1643067780000,0.00002118,0.00002128,0.00002118,0.00002125,7156498687.00,1643067839999,151986.40971978,195,4030270769.00,85587.55278766,0
1643067840000,0.00002125,0.00002125,0.00002119,0.00002120,4303541001.00,1643067899999,91362.57912474,143,1772210485.00,37627.59388485,0
1643067900000,0.00002120,0.00002131,0.00002120,0.00002131,7556660559.00,1643067959999,160606.06677465,230,5187767899.00,110263.61151027,0
1643067960000,0.00002131,0.00002133,0.00002124,0.00002124,7116153258.00,1643068019999,151498.38197763,284,3022912152.00,64371.95694141,0
1643068020000,0.00002124,0.00002127,0.00002124,0.00002124,2490561617.00,1643068079999,52933.85617814,108,1836970936.00,39046.73850059,0
1643068080000,0.00002124,0.00002128,0.00002121,0.00002122,6707788251.00,1643068139999,142483.98542020,186,3638217659.00,77291.72854689,0
1643068140000,0.00002122,0.00002123,0.00002117,0.00002119,6558878200.00,1643068199999,139040.30919222,237,1817191142.00,38536.91066976,0
1643068200000,0.00002119,0.00002122,0.00002114,0.00002114,4983620081.00,1643068259999,105579.14557017,167,2341418628.00,49612.21209197,0
1643068260000,0.00002114,0.00002117,0.00002110,0.00002117,6747782334.00,1643068319999,142584.90928277,227,4317668163.00,91255.84411593,0
1643068320000,0.00002118,0.00002119,0.00002112,0.00002114,4880216917.00,1643068379999,103217.96786008,120,1782194033.00,37688.36112806,0
1643068380000,0.00002115,0.00002120,0.00002113,0.00002118,3766963899.00,1643068439999,79709.11650192,158,2917703924.00,61742.13759807,0
1643068440000,0.00002119,0.00002125,0.00002118,0.00002125,4970959698.00,1643068499999,105464.60407066,223,3052713844.00,64768.06486579,0
1643068500000,0.00002124,0.00002126,0.00002112,0.00002112,10373046704.00,1643068559999,219763.75395110,311,4914205754.00,104079.31517744,0
1643068560000,0.00002112,0.00002121,0.00002111,0.00002119,6715377932.00,1643068619999,142075.48550292,283,4039479791.00,85485.07343421,0
1643068620000,0.00002119,0.00002124,0.00002118,0.00002120,3981373171.00,1643068679999,84476.87592762,134,2001199855.00,42458.96117937,0
1643068680000,0.00002120,0.00002121,0.00002117,0.00002118,2545165022.00,1643068739999,53935.82437347,83,1106435563.00,23449.49450401,0
1643068740000,0.00002118,0.00002122,0.00002115,0.00002120,3884144967.00,1643068799999,82316.22428731,119,2113494342.00,44805.10786253,0
